4703418
4517046
8815928
3771089
9318041
6432473
1940696
5758906
4717573
2320721
3474711
1818977
3256620
6039076
9091144
8901875
9676420
2032787
4266216
9880421
4380838
8861487
3768050
7881936
2038823
9172073
3965541
6881309
9330714
2407245
5983565
3420527
6296373
3385449
4830606
4022271
1244278
5358487
2756851
9080293
9894358
6313929
3567420
9252494
8629128
7535678
9076161
4283545
3042523
7314078
3941239
4521457
6075973
1801150
2211220
3023103
3637316
9053447
7580649
8795184
9918495
5341109
7999438
1074631
5630965
8827405
5049720
9391435
5915675
5167677
7904254
1749334
2592543
8231699
7460554
1500661
9519687
6165247
8763091
6612924
3605255
1958736
4642412
4512904
2802792
9458838
3669713
8440473
6899964
7783748
4034005
3562920
9188961
4800721
7506540
4109269
2557613
4723935
1460579
4800590
3737438
2982895
9360185
5379192
5446305
2050800
4140260
9860715
2108703
1599296
3988023
4433832
2177180
7472568
5779981
6809438
1246374
5138958
8365550
4957324
1911272
5536002
6271973
8932828
3337919
1625957
1369373
7268067
9823567
6404365
6310292
7361667
6041269
9413842
2134500
7993778
3854336
6867855
3492526
6122456
2106323
2113621
6997566
3271591
3198974
3169530
3601664
7137170
8228885
6518205
2642500
6357101
7370209
2150653
3433477
4908227
3166560
3982646
2961445
5772241
2803509
7218712
2028540
9534221
2538872
6001835
7664979
4933901
7899697
2787356
5660208
4225785
5125820
5105974
9260744
8654796
8627522
6151660
4054625
4467111
7212214
8213346
8263670
6966052
9685358
2735995
9280355
1278690
1587195
9805083
1285996
1564332
3184442
4889299
5297660
5236265
6434381
3774896
3156948
8399360
4743610
8638663
7066939
8849846
4206605
7429950
7243109
3767235
8527385
9719956
5639956
2901189
4784961
4967849
4389750
3844557
9457490
2904823
4948670
7866826
2233582
5426199
4106596
1872561
8770918
3991682
3678006
6938660
7255650
9714759
7763949
4401973
7609398
5399495
3734501
1829143
9769096
7508020
8589862
3272112
4223949
5832747
7282696
8214306
7364815
1178274
9271292
8679070
9398415
3707184
8460382
6588366
9379490
1155383
8336479
9844558
7059082
3340712
4504779
6941159
7243047
2416939
1767315
7373333
5261592
6589275
3383138
8842009
5265038
5692790
8359563
8848135
4394653
2939374
4001546
1895485
8355662
9014803
2622566
4248452
9725451
7307022
6460209
8495182
5064062
4823720
6192085
5993725
4694495
8492103
3565699
7914436
2745533
7944138
8436598
8269258
1351760
5001360
5707101
4933952
2371848
6941070
9621611
7011189
8336193
3153348
6650197
2201721
3644444
2713395
7560950
1911832
8375219
4470126
2104845
2005252
6841557
2127452
9780996
1532043
8837056
7043603
8868614
7699643
7636853
1538454
2257325
5371909
8336547
1697549
3174282
3061209
2868502
1018590
1763836
6401200
3631218
1190032
8237551
1219396
3391873
4065419
8900919
6671839
6865062
7406826
6877393
7706244
7671395
1510371
7148690
3949153
9310504
5401940
4497068
1842043
5635840
1664635
1936213
6826296
3255014
5372813
5684655
1159311
3222670
3164128
1806070
2898909
4045288
2434795
5752660
9536285
5250110
7517052
3233977
6141861
3576932
8720998
1753063
2397638
9901428
8135459
2618648
4827742
4481429
1294143
7444529
3172060
4257848
4715000
9217438
6319862
7251392
8323809
6822046
6864651
2086853
9003003
9780346
7891942
5278305
3756944
2627400
8542838
5003067
6983964
7944464
2134674
6194288
6599876
5616592
7607464
1651076
3844908
9661826
6966057
1738135
6548760
6286017
6354170
6937004
4104297
1044259
3724824
4348729
6440823
9981511
1956733
4818663
4923313
7195140
6273757
4828987
1424907
8334016
7340588
8071215
1210991
4022591
7542582
3490949
1179720
3471200
8356571
4577405
3933508
2017201
8155732
8513924
3203097
9896987
6931442
1613603
7677183
5055421
5326111
3663714
4892343
2521214
7064428
8938657
6119868
5008289
5630223
6429727
2373545
1407265
7070486
9975830
7918752
1326844
7487376
7597739
3508585
8756635
8430612
2044981
5728944
7849060
2613701
4585561
4721244
1564786
1305414
3329823
8270245
6082208
1965441
4168028
3187856
8463881
9567523
5540866
9969596
3017870
1439815
2145117
9334783
6166332
5100870
5031695
4846815
7014434
9224288
8322330
1105921
5812479
9769129
9256709
3069592
6386061
9168043
3185248
9151815
7227557
4204761
4911533
6558317
2000154
9249164
8216596
4768906
8802193
9574278
3646439
1818663
2347402
9901876
6985048
3401952
5805605
1463442
1452785
8494485
2738996
9045904
1765744
6219954
8923314
5710984
6352757
2847942
6806739
4897469
1423601
7788887
8718112
6816926
8222272
9628513
3132473
9874725
9907050
9864338
2175214
5679321
6236735
5252866
2183567
4322514
9273025
9846931
4717799
9194287
4221008
8805494
9932537
8437090
3664947
9340462
3168593
9026577
9708867
9092893
9675992
7043240
3963217
2995893
2185403
2779682
4178511
1422060
7178606
6326780
1415647
7762610
5595052
4525265
2841897
4242680
9184254
6339464
7244193
6165031
3407436
7860301
8771772
2186315
2097270
8939693
5475247
8320601
9047240
4565410
7958084
9794475
7494499
9866706
8928492
1904248
6273331
7777968
8218448
8272267
8924551
2899665
7092931
7067343
9092065
3189977
5021928
2307565
9895279
2788835
6226510
3305207
6739324
8051309
1957239
4957512
9408289
6490386
8905247
4463774
2545423
1000810
4396331
2778230
8842021
3503069
3483273
1631526
3459534
5004266
8568279
4302588
2833175
5856303
7902020
7637856
5796061
1043291
7854058
9325143
7491242
7334489
4954242
5193161
3487793
3357402
5911925
6389703
8152537
3079743
9485277
1988288
2819390
1287451
5929967
9652651
4471970
8939853
7506864
3737998
3788217
7663320
5500835
3471344
5126540
8994561
7463241
7002349
2760103
1932400
7287696
6413707
3138720
9179016
2719042
8484367
7778254
5538062
1208117
1515048
1833425
5368719
9020004
9265982
2603805
1391378
2416172
9182681
6345960
8329647
8423133
4558172
5320844
9725644
8015045
1171524
7962249
8194505
8972591
1880985
8049277
9435442
1491902
5117952
7218154
8180041
4716622
8125512
1659270
9628394
4580505
7185820
7860728
7120172
3427771
4663776
5196774
3786081
4501985
3542349
2237787
6355822
1615569
8544901
6763928
6044433
7318907
5748234
9321361
1413172
7723202
4055802
1676154
9219240
7266085
5468700
3977888
2324280
1409699
6552823
4806857
2737801
3224092
9126417
5559307
8511895
5929343
3699674
9379258
5650537
1419415
1884698
7161184
3080699
3269406
6974937
7344953
4609705
7293910
9054078
7006223
5993438
7084038
4224411
2644166
7174120
4948038
3798634
3748152
2573209
1265390
7784013
9634119
7372876
3311826
3846542
8627692
5973509
4381304
3307216
9891661
1124940
9775185
7635302
4204307
7921036
6276468
4647320
8844663
7036828
5333301
5422162
7620416
5170695
4046898
6953052
8734141
4275314
1539976
7153654
9212188
2328181
6754440
3852677
1930845
6688458
7709835
4241152
7414472
1318795
3480152
8329046
2368719
8587744
8312434
4697772
7555868
1184954
9881337
7938660
4402428
5750537
5294372
6329007
2050416
5972820
3068481
1917796
9459857
1791170
6770084
3302126
9595953
7862959
1248161
2740900
3948355
9313471
7892377
1622209
5649896
2079939
7769402
1133728
8753817
1625179
8785052
2179155
3075565
2145676
1578527
9872916
7449308
4248563
1816603
1479323
9843782
8016818
6712838
4033168
7301095
8753864
3873660
4521284
3552915
3184203
6245969
5352806
7374262
3316981
5751947
3605243
7075578
8610994
4261909
5558660
3162195
9847953
6453188
5199165
9769770
5612953
5806997
7201976
1617784
8451320
2704118
9404574
9875849
9181378
9403488
4340238
4333035
6548474
9061779
7245444
1414363
6147852
2853657
8067939
9001670
1735207
2942936
9562143
2744884
2932117
3790897
9147722
3377180
4460936
1331430
7503356
1128527
3194762
3206614
3292066
8243026
6669448
7800232
5885489
7681215
2541995
6381377
8640432
5993203
8573845
5638225
3710128
2549559
9456779
2440532
1342391
1171057
4069810
8363476
6015114
4126691
9147438
5088586
7013023
2245104
3593379
7671213
3901425
1588650
5641297
6948386
9899328
1786508
3011774
3299538
6463891
6332523
7809045
5002705
1702140
7534711
5633316
8593124
7448156
6736617
8474069
1063461
1006044
5197186
6658136
9654308
6515496
3159544
8627552
5948953
4433413
5350476
3466956
4411640
8780507
3000463
5953728
2967787
7989517
1671199
7737302
6084256
2608816
9992775
4252175
1501631
3423691
7344958
9879893
5376807
8390494
2409708
7783592
4281930
5245003
6641906
4942270
8908366
8629892
8643117
7365267
4164909
8919401
7141557
4708526
8520082
8703164
5738147
4205556
8728525
8764774
3087871
5875786
8636036
6419695
4085979
4960613
6761524
6696954
5632601
7420328
4252684
6115483
1477899
1005814
2706057
3141517
9793228
7596910
8244914
3879153
6729844
6002613
4849138
8413216
5813948
6870985
6127332
5272203
6444062
9802599
5552936
9914839
3710740
6385287
5933333
1105511
1692749
4623150
4322359
5614386
7237596
6029271
6841351
6779625
1449635
5651497
2479212
7481237
9940181
3533808
9641998
6237519
4309544
8236950
8491579
4106397
6920919
2659899
9032454
8073118
4655211
7924276
5266984
9021372
9226670
5517018
5084377
9621744
3896489
7404653
1593085
3159157
5302666
3590408
5122205
6812642
1834303
9714639
4597666
6947380
3804922
1590969
2702959
9297285
4324218
1448324
6143364
4535981
8185769
6858011
1964827
4175224
3038763
4083928
6580410
8281319
9956698
4198994
1448506
6536274
9054035
3898983
7481060
6973922
7324764
1829790
8258248
5014358
9737984
3189525
9008076
3259398
4768975
1292168
8198693
3928433
5925351
9632354
8037711
8327599
2230291
9307101
1331604
9111350
5610396
3289467
5970100
4049305
2606655
4835269
6031327
6822386
2487185
3816165
8216780
1247693
7867636
8574041
5437040
7800329
7017271
6951258
2640164
9389345
8175058
5886704
3777389
9084104
2598187
8401441
7791689
3966096
5491112
2006653
1615563
7645483
1306425
6467171
7235634
9932179
9099689
5221532
8640037
7233768
8376886
9298461
8297095
1754445
8972707
1722635
9884955
8512392
2760001
2241929
8674576
8087506
7831347
4347955
5476509
5630740
5340981
4550157
3309454
7286042
7982908
4899171
3802517
5592704
9693292
7721368
6767822
9077524
7525841
4903984
9526334
6451311
1456272
4333647
5105971
1779710
9799780
5150400
9781148
1716138
6824993
1953109
8260740
9964452
3493975
6588735
8405999
5463178
4632501
5881050
6062182
8066148
9997130
8897017
7265604
9278653
3999729
5649959
6305773
7177192
4939128
8373550
6047788
3345268
7793696
3105724
8264958
3407768
9917061
6479856
7814624
8383941
9944760
4103272
4705871
1134816
4987889
6844935
1183984
5489667
4144223
3631219
6888444
6908644
9775334
6926738
9018741
5099480
8232757
9385181
2552618
8495875
8923281
1029677
9215596
7448941
1170746
4656347
1675989
9549357
9585368
6408910
6671218
6630539
1311779
1944053
1789817
9830061
7034796
8017908
1868007
7509069
8989027
3413804
9748368
8596166
4745966
3094298
7482119
1395412
2852813
4338446
4554334
6545352
1922847
3837554
9374869
3791183
7107002
7385926
7627089
7780262
7683806
2330530
1473368
1682839
7920509
6295153
3594452
6976576
8944401
3631497
8892602
1460860
6660098
2458751
1943676
4747988
1945257
8647639
7454228
9599105
4829883
9936141
4458260
5773349
4618517
5597591
1964833
8882775
8234182
5123173
2405561
8547014
9819755
3772445
7546425
8334131
3719974
3051368
1424305
4601437
8495338
9727144
3979163
4116114
1796147
3421450
6976397
7747780
7762813
7666533
4989739
1471492
4842435
9595668
9911836
6996535
4830020
3012571
7887511
6965929
9534118
2117387
8751806
5823946
8426637
1436972
9285698
4364942
7084130
3795495
2155376
5548192
5763642
8593405
2320777
3608448
3964931
1970455
1037249
1143566
7204470
8826652
4707243
7357249
5026938
2276080
2163477
3177652
6624709
2211927
6734285
6028623
1882403
1558811
8409334
4256772
4402724
6804673
7976834
7966658
5562515
5721716
2806828
7827477
8083583
8101359
9384817
3001621
2665255
3700118
4488590
3658109
4876106
1181577
7358033
5577981
6566392
3283220
6298190
9728625
8298845
8598886
5465768
8817076
9757435
5303564
2877119
6557910
8612183
8959808
9229551
9053191
4365636
7150579
4517322
3591939
6901393
9741195
2097027
1370345
5674994
7753272
3033661
1235321
8241478
7024251
5820474
8106428
1815140
3695198
6205531
3512629
4741783
3623356
4436610
4101533
6301928
2587009
4031465
6858860
2413547
6833031
7492505
5683289
4666098
7239455
7447354
9955614
2660673
6620595
4071356
5468774
2757026
6053688
4240922
3981019
9965837
3345488
5909577
6576072
3118221
9112657
7699192
9769008
7274937
2979942
4365050
2322042
4523852
5320652
5803921
6274518
1043272
7911434
4446287
1582452
6735025
2180509
4047426
5262681
9791793
9435382
8514022
1139564
5427565
8065067
4774403
7663381
2446724
9775760
1035784
7501907
9921908
3305901
9001385
9698540
4251278
1183203
3231285
2749783
3343278
6423324
1155128
7930390
2080446
8717352
1233593
2116757
9748135
6884546
2911760
2182809
5736067
2696884
5864623
8058293
7988524
5114000
1644562
9647468
1079738
6298792
1879078
1210469
4215725
6007825
2012138
5066603
6883205
9591109
9458366
7727639
7124902
1246425
6002225
1078225
6404771
7424534
8277726
8287274
2466833
3023488
8959637
4384628
9504349
7431801
9573147
4762445
2313721
1872333
5706719
3598553
9668438
2142377
2978882
3703131
4113529
4871736
5508122
6034465
6308165
5072141
3738451
7242800
8463229
7660280
9828525
8117742
2482095
6613149
1214107
8536154
1725142
8124564
3334333
7962317
4829004
1964374
3018931
8525991
2803637
3899019
5989309
2075462
6194463
5254155
2913306
4354384
5006825
2340163
9325235
1091135
8392057
6147469
3724779
5956689
8086308
7184824
5635875
8304405
6148070
7102304
4984628
2951374
8071200
4266038
7167378
8017550
6454302
6821566
1398049
4945566
1226593
2091759
3911818
2501126
4080235
2409633
3898854
5970873
5127465
6423990
5357182
5037242
7288619
5305919
9224726
4845512
8959791
4117920
4336894
7433442
9135285
8979665
8136302
9753401
5856005
3012835
6650308
8683928
1594471
2252509
4083582
1385448
6594353
5513753
8514131
5696312
2301645
2763849
9320496
3712915
4024076
6300052
9209936
4081955
2884176
2852511
5269047
4901322
4883569
9738363
4239596
6332666
2748981
6506052
5454466
9742598
2153418
4942434
2927123
4211938
7902443
7055993
6873544
3152385
2671337
4561396
7318118
3354377
8097200
6063724
3873641
2268630
1405385
3193282
4133697
3508349
5902439
6742367
7746380
8719330
1150617
7163461
4622632
6759967
6522501
6026655
4773766
9800610
1543875
6861988
6479645
8427808
4367075
8722357
9000205
8270986
1056527
6351893
4618454
6698762
5769544
1267532
4168247
9900163
6527491
1933597
3371814
1244001
3590942
3224798
4657667
8340374
5429849
4846854
7169548
3541547
9018955
1208707
7421616
5248786
3441811
8483973
8508791
5463628
2483905
3081902
6963198
1271979
9811557
1454479
9002931
8125994
1909713
1646158
5921369
1077310
7918303
9481016
4148780
5020891
7357572
1470924
5368884
2165140
7861972
3287836
6635467
9802132
7043352
8184856
3334475
6022467
8229693
6294336
5620852
7718240
5257065
8189787
8953362
7493694
1349707
4924865
6955113
8444560
7278170
3279829
9396442
7051739
5966727
8832095
1846665
3148524
9720900
8848007
5314844
3564022
4141663
3456126
1323371
7232660
8813984
5533601
8826778
6946660
5314882
1262732
4401246
8927548
5891916
1568258
9075261
7016316
5146844
9581936
1947682
4610169
9696072
9048142
2819601
7071613
9626244
6565804
5386754
7043716
1349755
8472866
6073178
3877596
7518108
2816555
1651214
1862466
7638444
4856425
9013255
8080267
4510694
7856616
9379144
6582112
9985653
7300260
1797847
7119299
5257885
8895622
3586504
1264336
9649955
8453727
5070917
5912178
7865815
3945875
5874461
9630240
8925831
9361632
2267017
6590891
7876721
1749925
8906584
8920267
3857609
3575576
5192483
1859227
1235167
5961952
8969976
2739955
6334482
7578707
6702509
6213017
2962784
7345217
4450284
1585447
8250831
5844770
6154453
7064313
9601059
9583767
9408337
3157251
7043416
7169566
7243544
1786411
4587840
1976609
3163953
8558628
3772387
9408483
6477610
4121240
8100750
1092068
7771204
1161707
9230531
1181303
8409523
2751045
3870030
8742925
7059324
9003227
8495717
2465207
7989582
8841809
1422563
5262367
4867693
9064372
1877605
1252897
4336604
6566848
9331220
7004033
6435784
1665746
4408231
5863557
9592539
6682534
1295963
1488582
1360589
1608962
2208842
4868634
5496720
6221118
2717181
2800573
7116827
8239034
7886897
3631944
8732223
3609216
3997661
5503040
3676803
5076934
2967971
8735437
8146235
5593306
9516188
3181372
4265576
5446694
3409329
7037806
1081004
1210691
3180681
1565171
8151283
5722149
9921692
9275392
7335310
5285545
9275602
7263473
4050351
1454660
6386995
2208096
2951298
9934405
2731565
8625290
9103387
2711115
6162190
8980225
5518670
3462156
8447476
5426881
1047791
3912969
2852289
8011307
7549928
6308783
3990258
5808664
5982406
7879429
2135317
7129121
6309486
9231713
6896581
5499608
2003842
3775445
1756094
1220156
6378084
5850068
5664712
7314954
4977187
6937185
1810078
6208468
9479996
3496296
7159102
1420209
2027394
7902730
1363606
4238868
1733790
7664549
1920709
2472809
7957470
5760186
8716733
4152354
3565551
4894468
7529926
6277391
4664495
8289140
1962269
6982816
9972187
4538533
7530305
5024452
3120134
1439887
3218130
6970647
8993249
2977131
7860427
4403589
8159720
2305991
5142136
4411459
2340952
3909850
8644108
8218256
4980660
7129246
7143756
7384686
7678801
4642843
1966335
8826352
4222705
4148256
6619473
7042455
8073716
8930118
8563246
1056925
9939408
3586917
7423527
1287521
5668421
4674251
7390608
1136804
1734610
4368583
6748342
8088851
2130950
6257350
9545232
2978022
8952022
2774920
2207480
1277203
7922701
8042108
5160656
4575565
1580664
5547736
5022832
8829584
8707419
7020221
6787702
4785687
9045950
1959500
7609767
4412791
5841228
2099627
2121738
5158325
2999620
9842805
5733589
2319319
4192412
8492556
1965213
7625991
4707138
7598355
5569958
5635059
2593394
8188010
4434895
7766900
8790431
6316911
9868873
6708393
5921644
1004329
3283675
5270673
7492427
2404225
5293020
6689023
3814113
8638220
8982818
5040484
1460758
3992357
5041975
8760616
2197829
4630972
3261924
2194021
9030384
8852803
3709346
8299200
1094223
4797191
3961036
5449222
4873067
2319427
2415642
2861360
6610569
5719906
3876072
8931784
8336397
6521839
2064448
9577383
6446181
5576682
3286458
1986348
3836755
1304556
3343788
8526490
1600846
9368957
5793874
3778744
8938953
6598797
7745423
7040328
5398154
1426384
2969619
9331438
7401281
3074205
7432450
8809932
1830578
8654427
8847294
4010391
3096147
3167903
4459242
6582185
8308084
2235577
6773469
2998753
7275321
9579953
5234989
6660134
2654976
5900852
4861012
1834121
7490451
4347643
7433217
4256131
5672468
3467832
7868221
1911527
7119256
7640283
5484468
2312476
2696622
2309650
8954373
2333392
8771433
1108687
6618102
7108206
3407397
6692816
2764148
8751083
5581712
7122675
8666156
5849833
4737407
5674093
6262765
2942185
4519725
2647281
9693666
3285471
7343109
9232697
2377791
6538097
8717663
9056695
8325838
4903374
8645571
2522237
7534905
2746124
1022135
4325757
9229705
6709731
8707532
8490764
3619914
5299239
4501445
8926281
5846736
9745164
5535378
3846275
6694521
7773398
1395297
1980258
2099019
7098447
6064477
5586325
3572168
6253787
7350267
5653045
2732254
5275936
1740862
7965853
8912229
6348113
4816343
2690137
9270279
1340205
9007485
8002524
2520895
4447533
2820666
4101170
4290503
9964689
4286050
5563521
7250865
7352636
1436219
3966367
2163810
4809920
9885945
2649341
8624304
6995470
2018449
4069699
1559871
6625378
2409888
1038955
6324625
8544006
4182775
5167066
8730113
7112482
3988140
9941698
1527290
6436929
7939629
5130657
4108768
6215845
4794828
9104452
3280400
4197427
8243008
4188653
2770560
2045232
2898451
1100481
4331824
5004831
1989129
8641062
1531533
1233191
2764666
6468322
4080977
2884784
2902180
9848193
7076806
6926353
6253950
7835448
5915087
1694448
7057756
5441408
9406444
6282732
4354546
4817327
9411718
9480776
5392428
9444010
6100670
2738263
4157017
4087484
6446088
3351042
4634759
5555753
9448608
7223187
5778067
6486584
6826799
6694958
7533550
4305395
9140682
1970845
6927805
4751411
2748144
7287295
2243077
1382500
7878107
1200046
3168768
1580275
7464503
5776747
9174665
9698022
1356124
8885302
1727491
3118688
5310709
6452698
2013603
8810870
9796941
7658859
6255597
8453904
4458298
2872607
7978069
9057556
4207800
2856640
3384422
1014641
7766691
4124310
5366991
8668051
9046433
5152977
5519862
9948651
1099579
2979738
3100759
8162048
8051788
9236047
3892408
5277909
9707407
3354796
5585039
9733351
1589525
2050865
1091114
5596702
7618084
6966938
4204497
6225062
2901369
2173255
3414130
8763842
9535704
9876275
2716401
4622125
8066339
2463045
3283222
8106911
9866699
8329357
8127701
4546257
9432314
9143473
3754850
2440244
1683602
1245280
1746140
8857093
1967264
8175731
3915358
2134391
3580809
9343603
7570780
8246762
1067205
8952747
1738323
7905171
6911449
4076496
5629759
8452160
6991144
5196419
9774236
7380644
4083589
6445120
4354292
5458830
1440875
6274991
2900724
4922080
4268110
5708880
8281097
5903631
7113986
2308975
4106127
3545310
3385792
4530421
7986730
3233653
4029169
6629811
8488972
9859814
6570521
7650210
7009435
9032227
3621056
7266883
5878227
6035538
6198339
7267246
7923684
8218095
5420418
4061364
6785165
8898482
3945280
4069660
7043406
6164983
6442506
4842063
6249841
9657256
3727036
2608031
1818619
7995659
7548201
6733054
6867882
3868168
7428914
9872329
6428526
7241333
3102361
4306809
1914123
5382795
3574867
6129873
5430805
7525891
2081541
6566900
5931906
6004505
5667083
9672613
4539726
5950500
3185216
7748719
2932859
9175571
4613935
6670323
5462413
3350293
2762864
9844503
7061395
5887661
9253702
1815788
1512380
7203369
7568685
7347346
5086369
3606693
5379906
6100573
8569755
7114010
6759849
8671834
3615209
2067781
6117206
3779458
3207456
1116431
2888152
3717805
5747405
6902769
2265638
9584587
2126361
5119074
8110547
2237184
7670665
6252119
7213003
1720119
9864129
9635579
7481465
4931671
6568324
7941743
2870943
7745695
8384995
4482173
7528352
3942617
7363490
7075595
3522030
2042937
6318093
3884438
8153788
2728378
7275157
5169945
9053316
3434654
3182858
4509078
2128292
1734324
2769034
3523389
8523384
7129097
2755101
6090784
7427768
9457484
8776378
2683123
9213554
8409599
9663842
5490564
3659370
6094111
6904510
1878984
7349429
8097577
4461494
1316336
9061392
4902970
7535694
1252980
7989553
3769631
7717227
9765293
5129365
1168707
9210696
4179234
1047664
5046829
3059416
7799101
5703400
5717537
4785825
5749814
6237836
9390752
7509564
3713199
1622262
1359027
4382102
8415621
5126598
3320267
2080406
4525887
6544310
7003572
6343390
6919751
8756406
5970570
2362295
4357998
3759818
8058386
3123440
6995347
7898117
2560560
7927658
6682432
8037429
9662804
5349761
9811622
7751029
6984858
1565149
1057679
1262008
5599889
4754741
9642376
9658852
8658527
6331482
8270039
5190593
6285835
4508560
4764254
3675442
2779797
2101304
5569825
3922093
8679309
4265393
5315646
1651092
8154254
7032065
6546976
9493208
9836421
3807383
6405437
2822115
3655351
9578207
9438872
7288407
1595384
2187561
5177784
7036781
5767838
8931405
4936206
2830819
6044460
9989487
4514332
3806498
3888764
6773311
1474378
5371192
9079477
8045436
2527362
7274944
8531953
8492879
4112196
9481179
7708171
5042805
1256651
6807838
1941672
7155486
8617974
1882851
8816749
1696410
1464730
3862329
7310623
5572064
4089321
3112444
1589491
4552707
6028397
9099746
7235519
5822120
6782855
3733968
8523141
2469892
9390173
7733496
2149177
2388652
9713321
5754534
4018915
4189766
8699664
4140727
4689971
9787640
7413755
3380948
5867378
4810475
4703957
1378199
9876404
5052800
6976926
8196786
4899878
7254062
1454743
4019207
1943470
8721995
6697166
9127751
2833129
4410867
9347111
9211721
1641868
2145282
8175221
9719305
8498841
4649319
9094423
7403306
2104727
7140601
7287626
9335207
5005824
4465781
8500484
8612515
6608249
7011781
3911602
2064692
3980614
9144378
6769998
2039451
3607374
3048647
5834307
8318701
5176677
9250176
6824727
1291301
2341083
5431443
6104782
8796564
2496592
1187253
1468107
6404390
6949625
5436859
6765862
1950262
6087208
8094040
1182059
6325469
8656754
9554153
5965105
6039345
1866909
4446695
2257942
8514951
7997009
3562715
3539883
4955664
4686718
2932625
5631361
6651067
8944792
4914116
5950338
2017861
2178659
8388297
8819098
1078789
6501713
6529062
2920211
8265740
2584731
5293855
9410663
7207895
3313984
1021055
4626168
8730048
3739852
2271159
8261765
3718025
3524291
9026827
5080487
5131939
6318856
7065228
7901017
8382720
3524479
3121814
2356148
8444682
2452739
4829942
2937653
9633838
7938420
5915397
4989574
2926089
9757900
7683038
4120299
7116780
5010258
9657595
8402491
6288599
7482835
5828102
4740992
5869979
2409674
8290978
5156812
6107710
1586496
5132445
2329579
3364650
8057527
8549213
5315466
1193631
3112024
3301976
6451179
8401792
4056492
1647225
1567560
9152563
6936469
9948202
6873891
6357009
7768464
4893578
5705657
8885255
6096708
1665368
8851868
6497561
5265839
8083117
1497230
1868724
2097636
5998971
5280859
5244008
2263501
5983184
2471848
5343715
1534883
3676574
3441262
1926960
1775952
1699931
1356770
8678234
6726465
2846298
3198519
8333201
4776411
2918435
5947036
6601853
8087221
2890952
5207226
9943179
2232798
5828121
6274540
3522111
2847958
4200498
9362508
2488628
6187609
1564079
1886818
3992725
5787953
7308840
5282383
1896824
4428018
4479594
8336961
6700608
2041113
5952996
7997159
1812810
2866453
4015739
4041558
1429011
6172066
9864998
4316472
3122886
7181347
9208207
4889004
6130567
5268583
4161048
3716401
8514034
4956928
1151327
5108099
7225413
2800489
1314319
3518699
1248057
9253084
8617970
1207672
7054810
6814643
6740696
1677923
8282873
2342406
5411831
8543915
2454602
3239561
1884483
4577376
7753247
5059558
8268337
1093194
5237817
1936640
1492265
2267515
9660801
5181916
4847608
4029049
8553352
2949291
2362233
8157282
6359710
3570999
4360052
5947490
2076668
5101444
1395668
6614063
4155806
2911273
6924695
5243599
2213689
3618779
2549299
3851528
1314356
5260306
3044524
3603485
6436835
2445780
9224298
9252802
6695440
4337235
4609307
6264076
3691510
2028356
7756747
7566729
2558355
5030011
2942268
9068235
7235470
2775045
4550889
2325203
9461093
9558452
4302031
2102388
7243157
7078025
1162322
4849760
6776649
8672869
2318120
3916140
6041136
9467662
1120240
5987508
8034801
2824865
9041786
6563640
1143580
7440132
8727138
2877081
7252301
1676033
3287951
4306899
2753364
1161164
4268878
9283688
7840969
2358664
2247486
4837269
9857841
2506415
5957668
4069479
8133154
4187908
2547230
2028768
3598834
7617879
3066432
1805155
8983013
3784395
1324245
7949333
9686348
9329749
9521025
5592140
8904370
6440898
6199135
4917492
3499785
8016336
2904743
4215703
4216726
7776714
1886378
9521200
4089674
6498683
4055417
3097557
2889687
7103386
1909292
2301407
2511632
2182698
8421893
1366802
8818761
2964993
3864869
3935246
4503097
3336236
9053835
1135410
3171062
4542748
1832289
5168152
3140606
6506321
9561110
2045105
6070098
8606254
6675207
6535297
8487014
4286907
6611784
2398958
3001744
9595472
3170898
6818826
8560155
1904435
6636449
2891364
7602322
3937554
9728577
4163495
1898192
9905622
2134810
8173683
4722175
9492344
4748021
9367297
5241417
2713349
5701804
8393564
8798942
8855295
3087879
6188976
6263284
3297673
3915676
7147190
6636097
7158897
6735512
9888456
7756672
2778871
1355382
8063103
7609303
4148353
3663200
9622238
1784704
4226765
7703526
8385843
2602480
1615343
5036290
4428174
8361275
2514266
3187875
2702440
8299327
6090626
1190328
3437491
2631295
1685477
1817370
1102302
5109833
4331732
4838761
7172452
6579316
2137909
6104386
7225070
3665181
6963206
2838148
5265206
5710149
8176044
4960356
1131479
6335947
9523951
5199861
1220018
9277372
1616721
2660791
2440232
3324634
9966672
7110490
1411004
8335281
7541363
7024074
9241706
8541145
1123298
7114454
5530352
1399666
2022980
4658014
9409829
6183434
4829031
1658579
4380175
3120266
6190541
7986458
9255794
5064188
5021424
9656925
9972017
8048119
2112344
7713679
7542785
6185229
1841628
5584828
8318971
9343122
9054225
2345156
7469560
2430224
6535624
5829234
2448587
8141950
7130401
3784966
7230363
2953789
8388636
6462189
6439288
1867453
6566787
1319353
1313882
6327680
4080966
1250333
7491954
4252326
3117035
7784653
2882521
4236984
3774188
8579228
3821958
6149538
3892524
5053081
1871786
2296817
7278620
5780160
4002862
6579108
5273682
8637517
8492989
5376203
9699576
4349012
4724323
2921765
8942641
3970675
8647566
3773468
6953058
1721029
3115095
8703134
6177495
4078478
9743641
1177089
4868531
6960997
1022062
9218772
1044271
8092425
6754477
4672387
7811491
6945268
5481991
8652741
2234234
7977973
8925834
4699269
9551736
6403273
8085156
8687938
6785591
5349151
3154499
8210879
4670394
7522360
4018533
6879594
9015848
9214913
2151774
6090832
2814511
3456705
3313996
2128943
9707265
8416655
7180746
9542896
6984098
5691223
4100907
4260666
5417433
3002989
2992400
9197775
6430928
1069128
8524395
3894497
3551998
7509770
1042904
3861179
8639496
4787384
9009684
5382185
5388254
7783730
2705593
2426232
9483900
6385012
9589139
5134617
4803547
1525117
9238895
1035164
2650192
2522675
8236116
8812172
5698311
7110284
2348061
8430276
2758774
1583648
6317129
1671144
1005639
6888212
5359732
1288777
7700591
9563457
6959040
3942169
1119742
9823709
3249836
6190554
3980053
8235673
5464923
3205620
4041052
5785165
3801703
9601895
4334456
9075647
9797609
6804041
1297511
2733157
6679828
1818074
4031263
3907720
3346010
1004665
6498288
6800357
7299935
9725480
5839709
5471178
6030222
3643553
4209529
9278408
3701435
6856693
5185821
4943505
7739290
5405046
8407754
3132618
7665385
5389295
3203344
3793871
4642474
9544856
4634780
5977098
1103462
8925162
3294298
4527323
7877074
2585912
4126276
2192094
2427955
5563534
1114016
2743139
5898034
9317111
1296861
6129198
5531291
2120248
2857877
5959959
6006066
5862770
2980215
1858255
3104172
7253389
8727954
7606969
4039555
9434066
2380882
9299178
6705014
3228803
7223652
8876581
2938437
4209121
3020898
5865336
7398500
8560032
1154149
7773256
3703966
6196763
5984711
3751073
4424121
7263232
3235562
6969740
1593161
6770344
9405930
1041266
2337106
4282137
8526584
4427815
8487737
1653320
4125997
6138188
2313188
3851085
7491464
2379645
4038744
9538665
1474521
3485759
4693779
2214433
5675410
9799520
9530018
5918143
9445257
9379448
8611683
3856309
3756641
8792233
8421259
1748401
7594676
1069472
6646892
6324214
8137237
5750486
3600513
2268672
2823685
3579744
2719219
9213870
9949980
1715176
4064963
3214607
4201649
7870151
4096367
2022684
8784394
3285521
1461174
7234864
2801819
1722434
4984727
3324692
9403000
4231438
9345114
8060438
9786383
3679123
5977115
1926970
9132804
1482143
6535646
6613677
1436500
1721745
2079860
1221579
6874748
3877470
1897605
1237981
8918763
7526089
1220610
4752963
7825299
5355729
7220670
1168729
1261142
7146478
4887979
3467552
3150566
6788167
8093888
6834828
9743088
8280907
8638679
2341803
6933883
9382818
8936282
8818884
1197536
4634429
6377592
2038301
6622533
2807816
5963886
5601697
8724808
1157010
3041657
4119659
2596575
3787800
5526617
1491291
9701789
4955811
9354623
7259770
3584708
4664306
9159749
1876787
9160734
1631939
8551042
3708488
5194577
1743479
5567956
7817362
8305309
8695912
4466771
9119761
6234079
2594156
2221311
5183019
5476679
9638091
2825977
4991771
1147078
5095616
9579107
6407336
6154201
7499285
3362112
3272425
4839702
6364928
9286737
5774325
9887759
4727020
3899807
2428050
9806474
4976555
5144731
1151340
2858958
2522534
1546347
9507426
4660163
6121930
2838875
4160295
3816286
6736300
3198862
2048273
8358337
4032238
4977364
7572953
8303251
5635121
2493256
9970735
6544711
3886351
1371507
4029917
8233333
4829508
9830437
2300230
2128101
9277433
4007525
4782330
7521261
7258378
5587101
9801733
6106376
1640517
9917554
4207964
8620671
3571439
7558097
1577492
4675764
1787795
3004976
6142343
3800748
6726972
9690416
6229559
1732883
3048192
5223668
1555341
7986641
9171561
1623665
3991589
2395557
4093939
5964514
1689903
9433846
9403190
6391352
6594528
8441432
3940574
5660543
1465958
8837370
7172328
6920806
1994400
4955464
1247887
1693446
7390818
6623219
5938020
1683220
4486864
8150490
7015446
8090153
5645828
1086778
6694575
3729971
5487437
8809754
8444681
2416138
4611371
2132192
1609152
3860359
5502036
6705764
1087095
6372604
8043655
3163588
4287100
6211214
6567977
5959637
7765863
2047999
5757550
5680326
3593555
9196072
8455553
2004764
7558731
1818131
9431931
6102838
5614678
6873282
8765855
7650961
4352432
6873818
1860597
9346602
5493769
2920423
1426172
4841547
8177394
6734111
3044790
5101373
5505624
4364844
2596989
2290978
6244913
4199998
7543049
2493470
3902716
6079814
8357394
1015962
3384941
9906106
7307982
6855851
8276900
7338643
2800824
1790307
3725071
1212102
4108280
7265450
6045538
5135778
7165855
9340722
5156291
4945612
7484396
9019217
3736998
6058353
2444415
3102407
1508175
1733859
2943196
8833167
8546926
1329882
5453919
3904660
2054494
5747069
7838847
7164898
3053399
8223528
2931886
6237941
4169665
3540126
5523528
2708288
8218974
6473279
7226849
4104917
5282799
3402875
2279344
6501697
1232816
3602638
6680895
5988143
7930987
3740272
3289922
8511644
3678434
5568098
3233531
9676895
1387699
1126659
9830979
6910731
8447214
2310181
3352273
4159264
9933600
8732153
5282236
6176701
7355363
6655282
3454928
4331987
5294327
5876474
6502629
8159520
5027916
8630643
3405790
4424230
2709099
5809212
6087691
7323131
3975426
2521502
9277132
5926098
2027356
5354587
3923743
2794212
4440722
4956751
1812958
2462141
6505135
5088988
1477290
3215098
2069906
8494866
5951002
5157853
1994855
8691462
9668303
1681376
1284086
3837213
7838006
5625058
9362201
6520047
7457928
7126419
4543946
4398780
7900652
3160281
2144684
8282656
2981183
2946060
3464038
2819513
5032134
9859951
4313066
7872782
2400562
6319779
1053758
9592192
6889735
6913802
6811158
4567549
9819720
8243905
5833152
7538320
5747380
8151156
6751188
5662689
2144374
7700863
4660589
9773749
9798699
6638769
6431736
7149008
8088481
2430713
6752688
9332233
2968078
2879545
9716125
2319008
9270785
8692674
2825346
4126975
5639795
3199544
9055683
5397648
8211047
6006247
6598401
2919951
3400080
4595128
1964328
1679092
4761241
3258121
2273683
9694829
4197539
3491460
5478210
7754146
1025394
7014773
2328229
6684860
6249066
8347206
1467656
6307737
2098708
2732646
1871799
4926374
7084814
5267108
5417764
7771213
2741502
9855273
4358125
2029133
4175798
4891387
4867788
1347528
5522033
2043392
5529895
1010468
2741555
5202021
4608798
3037966
1312587
1541120
7248788
4225584
6853770
9690653
7717309
2329688
3761950
5282772
3135250
4719011
2222022
4879024
1690850
8524894
2431564
3933222
1367448
1004388
9253049
1958923
1328920
9526725
8850106
5110995
4339505
8353190
9574847
3445416
9618674
1743751
1734764
4873785
8661560
7437173
3710078
8710867
5996921
7667341
6763766
1702392
8052693
5648500
2231449
4767740
3172968
9689304
1011262
1120335
2775947
4819935
7918441
3684265
6614525
7749898
4057159
7282103
4037908
8417910
9231590
8053782
7455495
3250479
8647555
2478842
6981533
1804759
9003271
2117043
9712597
9249663
8191452
6132259
2275463
2980128
5664276
1196430
5686843
7459395
9277191
4119453
8822168
4089603
1871719
1211521
7193360
2267978
3123585
3683074
7280269
9103705
5800322
3633915
4178740
1693603
3513078
5727036
3083272
3134638
7801685
9071600
1191650
2012515
4219742
3564962
5722349
3538626
8832421
6563461
4968981
4104063
8749709
4604480
7388598
6414973
8907098
2301098
3351218
8742735
7687494
8001677
7307869
8785942
1320988
9487197
1824305
1157938
1932654
9094669
1052923
7651308
3868976
5556553
5868821
8894953
4781998
6445950
2331927
9729901
6325210
5229219
4544140
5565403
1389090
4775498
7660733
1485798
9459733
6586638
6760351
8703402
6619849
1109354
2809517
3172625
6639213
6991778
4215300
5391946
9204733
7445663
2191260
3665448
4394516
8468204
8743456
4565152
5141619
7659224
1026598
6632929
3622811
6998166
8602695
2066689
7377690
8765913
3803238
2687413
8868579
9907758
2324982
7804584
3430164
6632441
6253617
9512885
6795132
6926281
2009957
8132215
2626981
8866492
8616389
2093900
5955582
1692449
5742986
8746828
3913873
7433559
4509666
9976187
5054350
4631643
3125466
4186245
4033263
6446156
6129515
4722790
7284292
7980015
7803090
1069221
7957757
2280012
9867145
8657894
2252757
3030744
8178216
9131811
2894550
6896045
8899705
1662150
9849766
3709222
5391402
2202920
1529484
1421622
2305316
8620396
3751495
8243272
6632174
6488271
3229567
1060873
5757970
3520413
6188019
2317204
9499968
9187652
8864257
9750015
8909407
7734543
9256091
1735675
9130456
2225974
7265331
5591009
9992534
1734413
4334648
9054948
9746109
7007866
9919295
3758345
6242594
2786784
1034648
7128328
3853928
5730725
9165078
8864720
8705461
4926083
1873472
6957752
1146214
2541379
1918341
2912364
1329591
3064120
5283586
8553339
2244195
1930184
3003884
3114303
5535677
4414281
9042788
5336007
4375759
8304236
6053607
5544637
2286899
8276793
9669967
4168589
9824696
9156065
2620790
6260934
8931268
2521147
5162127
3301028
4050041
6542894
5523222
3059533
2333175
6619855
7517886
5132711
4446080
5810342
1416335
9075695
3134611
4071281
3776904
8190187
4614661
3823413
8962254
7083074
4911676
8787579
1004734
5342472
5053904
9559687
7589858
3578256
8152330
8351219
9196777
4838171
5200604
5675633
5050176
3420084
4667723
7699670
4250460
3787005
2717433
8382683
4542817
2115068
1339444
5694997
1001194
8205051
3383281
1828365
3241110
5383863
8562254
7631175
2571103
8357411
1625718
8567034
2058889
5519435
5077370
5699427
1541297
1827349
3446660
4522236
4626560
2751056
4498067
6981957
9123079
7564234
7129402
6290427
2847366
6540517
7478501
6320467
9764270
4593694
5408331
8121369
7412082
5436399
1003452
8483138
8491492
5023598
5439709
1614848
7956681
2035778
6591243
9497949
3675264
8339399
9263976
9972540
6240927
3104517
2952444
3766859
9500527
4171598
6426920
8486348
8644794
9091414
6727573
4960755
2899021
8620018
2855840
8200050
6714075
8815299
7938120
9442255
1591484
3414449
4393345
4032460
1380059
2988539
9161777
6508052
8992467
7771519
3769459
6558241
6910568
7441199
3912816
2935317
7342013
6213779
5465896
2873977
2583855
9191904
3398544
2145027
8373359
1419039
9815401
4297874
5333973
3527897
2024532
3885677
3369591
5621293
5373931
4389351
6391368
3938443
6505079
2374157
2242059
7179248
5904844
7470772
8810339
4413908
1438142
9022535
6401988
2614497
3238067
9245315
5979434
5791807
7056252
4931029
5099272
1704949
1892924
8252958
2066535
2356214
5993369
2178807
5443317
9672822
6777457
6288662
6023163
3357064
8558713
7356982
6803639
4254397
6283703
2868127
1904862
9222903
4000808
9910177
6072018
7153475
7000497
8346509
9205695
5548482
7371453
5276575
5270899
4961032
7592776
3724932
2983207
4036121
1192082
4082724
6207430
5191715
6336458
1470292
8778336
9847814
7359926
7582841
5354684
7266931
5809443
7228131
4709629
3756663
2398393
9929441
8954895
7515487
7058028
6793740
4765341
3714618
8898250
4671956
6216500
9937984
6205528
1879002
6524076
9092367
5512501
9492717
4959506
9601699
9391752
7298428
2922439
8289655
8145356
3892809
3863227
3477224
2432222
2163319
3075907
6365844
9332726
9109160
7877617
8513278
4327439
9839035
7480045
1359315
9780961
7182108
9326720
2713893
5243717
9382787
3223580
1512840
1744383
8690164
2047626
6979416
5119756
8583968
6402348
3007142
7347568
4875685
9527493
1134391
1677834
2650852
2780275
7859931
3667350
3484040
2976984
5705780
6254418
6008984
2236802
2341588
3710497
4372763
8523078
5155842
7103660
6059435
3428300
2350271
5534243
8157104
1987499
2539304
3743236
7764675
7302020
9584424
6136753
4538468
3193354
9055224
1042666
1086555
3654466
3303608
1316224
1635256
9783615
9584382
3413335
1283269
9824816
4827483
6140398
9014870
7363354
8916809
5371744
6105571
5668565
8278885
8554808
4839567
1234400
9034722
7631300
9023674
9683308
1407761
6953280
8503889
2769700
5946405
2761513
8707036
6685422
9377605
3879438
5639018
6958068
3782699
3132319
2673828
2444265
4617486
3233682
8603682
7178908
5392840
6892062
2722062
9633860
9449614
7767860
6445987
9435615
2362625
9892537
5594823
7257781
5673788
8275784
4368873
2797267
7169538
4348632
4500296
9193786
8095144
4229775
5881861
4008024
3329145
7047953
7374240
3224743
3634693
4220834
7364656
4900649
9311576
6963209
3677924
1982542
5570581
8207439
9814393
7434960
9595418
9497615
4727313
5782309
1902085
5647606
8159553
3880925
3758932
5193690
3636351
1738669
2023801
3452872
9081358
4830573
7628947
7240004
1688332
9795068
2313855
9678009
9032069
2209494
7682253
8029999
6082957
1574274
2574454
3086196
2499227
2892040
9075692
6052146
3642504
2597773
2324112
7454861
9637557
8997192
6573951
7830393
9689147
8318905
3785384
6803983
4850691
4830369
8216323
8186417
6155707
2931232
8503187
8799999
8508759
2492459
3777279
8789882
8233983
5436968
6125638
4751657
9412164
2264445
1784522