1873657
3626734
3127743
1273490
8846110
2159435
4820297
2777097
8932608
4973339
4343635
9273069
3874426
5170113
3822497
7691509
9606407
5857353
8330751
5648358
2520195
4479310
2156015
2761040
6669027
8203992
5327069
7823332
6311580
5774334
3857510
9264306
6308936
9099145
1727819
7895271
5770221
3076363
1233268
4781319
7516623
1245515
8442148
2115862
4436656
5534407
8867452
7697867
6757955
6060926
1731220
4681676
6339544
7135329
5627478
9837505
8180646
1599560
2473986
6355292
9275308
1641640
7531369
7489024
1925737
1198760
9432790
7197535
9713367
2420588
8345190
5300356
3530999
9796437
4545300
3297037
7078111
3602688
9314673
3008237
6884802
7999332
5307386
5016663
5489702
8331113
1588254
3513073
9698383
7688376
9338147
6078084
1182438
9361245
8754241
8763976
3048211
3325530
6769024
1102008
9066297
5327183
7338276
7794987
1018427
1278620
6893187
1567499
1962179
8472613
9212713
2347018
6808572
5055243
6476883
4037807
5348296
1207292
2298662
6210063
2791925
6224047
1846327
2478466
9290303
4992557
8738189
1383333
6699913
9750993
9572675
8778719
8689129
3627353
2282725
4966187
4102380
3385726
9751163
2253952
9061584
3201339
7038142
5379434
8453805
3910160
1133234
1046364
1309342
7170712
9275293
8389069
7096740
6446234

23485098261863
7795786
5473610
8221934
2635625
4473207
4410423
3299692
5717064
4692496
8886081
9931568
4841069
3693136
2498085
4367180
7766899
7813167
9698453
9292923
7265966
8594541
6165711
8757682
6917306
6016830
6198150
6030806
5974399
3689119
5428296
5056689
9166395
2523566
6157783
1603579
5536096
4324645
2659174
5468515
6646784
8376694
4104615
8668047
2360315
5880291
8663695
7238751
8870999
6193052
5294032
1464495
9479851
6933446
5862623
3786151
4440410
5794374
2716514
1851057
1635950
7709006
5535917
2397125
2209880
8152919
2851662
6873463
2387847
6967412
8269667
7721737
2744935
7322780
5888198
4254499
8374419
4533129
3245268
9849234
2896415
3812660
8751858
8457613
3127112
1320922
2826136
5333979
2436330
8197573
6743215
9390324
3242408
5598926
4408068
2548619
2724635
8648824
6473226
5624771
8740460
1540177
5383253
6969339
5096356
6860159
3564074
3810578
1270956
5357996
8607387
8086638
4142308
5390231
5449380
3609148
9144730
4889475
9172331
2889718
8496949
1050593
3831172
8885497
5189259
6612871
2813632
8886305
9696520
7813643
1099782
1705675
8218041
5280831
9531858
3258909
4747392
1333461
9349150
3163062
6712040
5849691
5399505
4780789
2421713
1717493
1480256
8294433
1400234
9944263
3075118
9118807
8035899
8978170
1836392
2954047
5387523
8589458
6421435
4971983
5125222
3074605
6932095
2913380
5506718
8468255
7886569
4426680
8175452
5434145
3876433
2623236
3930092
9242755
7878372
1955169
1488967
1255092
6052712
6335544
3517491
5653484
8079224
2057535
4162275
4176754
5961329
6076954
6022327
5701403
4534283
7583449
8728561
9668779
6540798
5334629
3474538
9458352
1756104
9898500
6060998
7251352
2542681
7354600
1231006
8963952
3379077
2552729
6352118
4366055
4522159
7366865
2004685
9784579
4990893
9409525
9401698
2577125
6930449
1959341
4389784
9759671
1377641
9972488
7749961
2247604
1552916
3230213
3342328
8171222
8696568
3836722
7286535
3326343
9262055
3326352
3229107
7354362
5724331
4095027
3490412
1157650
9350983
6973053
7896537
5446349
6500536
7167207
3301209
6545038
7646090
4043610
3818929
6864021
8998993
3181050
5444618
9464025
3401683
1653602
2460639
1288110
1901198
1691127
4294500
5845953
3957793
9229369
7641755
6938131
8603682
3473752
1073210
9534453
9726707
2066986
9860489
7653118
3523122
9538346
6079851
4934482
7006403
3653487
3829796
3213545
1813685
1435427
1421946
6808134
4803171
7935069
6732063
1666701
9297955
2315200
5801044
9816947
5289996
1104075
1124095
3343215
6196398
5745421
1413118
4675600
4643448
6695895
8966960
5164086
7418382
4277426
5188365
9172164
8796465
1600868
3159336
8515904
8566766
8175242
4048377
7202970
8839450
8594524
9842797
3823700
9502788
5606720
6500998
3410389
4211387
1323980
9929111
8974539
5941607
8306557
2470551
8016126
9979037
7956498
6314664
7361398
7554631
3340371
8240643
3235263
7654947
3641760
8282983
2105825
1283325
5603948
8119465
6826433
8711867
2215454
3795493
6828598
9792629
5548540
5737347
4463821
3113650
2804918
5127288
1318265
7710116
3025838
3575669
6419431
4457161
3077196
9173534
7001100
8781933
3976597
9798218
8081765
5392471
9593993
2190040
9370185
9856525
6389791
8270500
6111349
5871133
6697353
3710455
2995581
6547331
6108893
8665256
2080894
2241012
7255816
7442956
5774963
9746858
2545197
4190649
6223616
9235703
4840055
4891332
4154473
4379103
7499240
5515614
5493350
6056454
8012050
1379999
8460492
2340422
4472631
1163108
2284575
5862156
7877710
1224054
3967347
9007515
6944443
1200177
5282276
5617758
9575055
1939676
6780991
9468452
9310538
3177114
2949833
1628920
6221887
3487777
8811085
8323079
5885344
3478495
6515667
9826819
5564795
3152675
9221413
5797766
6577572
8497389
8396523
6459995
3149983
2286714
8246200
2896578
4987656
9545043
9553755
6725583
4217069
1228445
8356633
7825562
8637417
5834549
1063074
5243609
5416455
5682170
4156440
6959546
6102340
9278709
4733263
4526501
9003664
8159538
9637948
8009271
4881461
8372863
7297014
5878625
8186339
6241881
2285209
9231513
7331202
3902134
8063992
4153211
3561737
4889425
1482240
8823897
4989685
4446557
9406340
7371183
2478382
1854549
5654371
2116794
3511751
9049913
7393763
1703126
9112063
2886168
2759357
3452708
1424236
8848815
8315493
2886321
1866618
8281181
7437305
3751949
2993745
3247967
4913772
9281922
4681076
7584506
1115508
5923583
2897268
1184324
2122619
1383901
2115147
3193330
4912927
7699652
4165870
3280976
3206875
1530910
6559516
8427771
2010859
8417133
8849048
8770692
1663906
5801712
7176914
6527595
3472242
5073632
6151054
8556384
7620801
2379666
8062205
5798020
8566756
8132601
6039443
8834520
9704491
1262989
3116734
1697062
7471232
4562474
8740509
4322048
5928954
3084564
7516424
5981184
5170002
8676211
6262520
6305010
4036063
9518136
5076050
4130764
8838881
9493760
1440738
4990056
2815332
1014172
9730170
2976786
1785114
7423502
5727691
6300543
8553829
2850407
1525040
4671734
5120118
9318531
2010569
7274212
9584094
9407756
3581859
4120937
6643387
9105207
9583724
9001531
7388530
5105627
3228095
4322681
3106952
8962785
7169377
1972124
7449907
3768658
6140412
1305152
3967925
8602301
1600683
6725278
9540259
7223370
1950773
2025310
2396795
4135647
6904263
6615138
1132511
8521622
8651271
9668579
9897217
1354203
5616854
1389917
5594664
5566617
2146906
6278631
3415197
8340547
4543010
6892368
3052967
7577018
4436058
7883667
4784346
1063236
4834414
1618848
9246547
2645136
8250789
3210611
7551929
5400648
4431036
4825907
4481055
2874660
5376371
2036242
5916284
7318116
8863617
1055164
6800984
4166106
8391650
4149078
4936118
4496209
4982270
9330037
6801315
4692489
1000425
2446515
5012697
3426708
4897973
3076527
9147950
8075476
4110273
1309825
2938093
7412949
2634013
2641509
2032187
5392919
9254601
5690454
1544703
6130126
8157276
1174645
3850406
3555612
2453906
9944854
9732938
6656441
1969430
3212459
1824996
3729610
2676500
1363945
7890048
5770454
4135969
1956470
5844646
4919563
3239351
3757343
9903835
2039549
7380196
7041246
8798767
4997047
1751708
3931838
4511422
9858237
7725836
6620653
4272865
4834931
5682724
1657668
4919188
3446809
9456410
8261516
3338311
9097704
5953314
6507609
3516750
2043027
5809308
1820993
8655982
1392767
5009448
9707703
7352466
8642202
7928890
4946172
2228907
6479378
2716352
2552749
1860839
1572460
5925144
3550818
1888230
1786302
7905078
7466475
2074057
6954225
6942021
6661321
6082907
3867556
6613881
4074581
3108588
9737051
3808858
4722838
3781182
7189931
9498124
8866284
5213256
4269867
1066539
9061792
2468117
3126892
5924855
1099742
3525285
4577327
3692884
8204216
3658400
2193379
3259236
8172228
3122183
4681578
1213110
3415716
2182045
2361441
1135429
3302120
4611066
3567864
3891590
9067717
5139810
6492679
1516986
3670719
2289306
9045056
3068412
6420321
2533987
3725325
9419175
1983599
5627523
1152145
6181665
7060999
5913483
1023600
1929724
8658488
1835717
2250648
9609126
2456274
1511612
3811199
8692364
8788351
6721466
6514100
1957926
7200552
1950997
9148288
1617815
5948927
1956766
2077664
6656874
9119495
7695015
3587426
3976485
3090542
7642542
6811292
7466107
6194851
4228741
1645349
9612554
9743255
7260977
9906565
3454896
4816456
4299407
6326963
7425250
6405787
8210962
2938164
5475202
6735992
5520942
2099810
8329180
5364112
5195860
9266890
8022861
9682204
8128389
8033397
2717523
7052234
7041297
9345397
1382497
8047512
7332723
5195290
5895183
6674005
5320861
3307929
7779265
3772505
3974688
9756419
2005833
3056233
9872497
6392170
5343942
5633163
7845752
8392915
2711473
6321610
6067080
4289720
4045342
4593249
4999907
6592409
8645479
3117439
2436621
5188055
3398512
3187767
2754787
2164278
5499951
3516791
6490841
4485236
1575817
1102603
9387046
6652610
5805855
5841259
4663326
9342137
4816548
6627709
6143125
4654933
8604382
3141511
4113622
1710131
6998440
7757467
4510905
2348784
4794187
6199011
7407783
7999135
3091565
7527573
4594324
9143599
9434757
4176319
4134109
3692618
6454586
3837718
5903470
7131577
7357341
8257080
8582142
8807521
3763107
9025095
1961142
2740221
4463959
2295397
3123874
6852421
7098437
9515390
4926358
1171266
1814174
5801478
8380142
4044242
9529865
2790761
5916687
6492101
8630791
6876166
9604476
4280792
9290286
9217201
3698976
6153255
3098771
6211183
8043348
8320933
7556079
2385935
4005342
8129407
4982893
5561555
5261508
1809291
2452418
4441065
3528768
8871183
6265954
3339509
1537879
8625079
2998098
7913993
6868681
3494284
3450468
9396432
9838202
2552271
5450691
2330985
9731074
2848421
9016147
9038263
5344449
6356257
9864158
2255239
7839029
9191321
5877897
3602121
6736613
1109964
3493014
5845023
9113439
5803198
2385460
9030942
6076742
2369491
4040217
4083187
9781985
1859610
5528195
5428943
1236482
2772010
9485180
9711803
3387889
6316572
5712679
2564195
1704356
2900988
9864492
3596882
7460457
9760516
4456812
7206234
1398465
6217334
7240397
9419063
1524143
5749708
1014667
9072946
2625375
9171377
9134034
8805175
9360377
7148056
9531489
5330078
4483485
4963202
3718698
3063427
4787316
4462364
1327636
7534059
8279017
2551146
5994264
2194073
4742251
8693363
9528256
8104826
9757883
9324437
5472672
6025221
2230535
7281865
9378536
7718945
2302030
9660822
1623044
3970293
1831882
8127755
8400969
5629478
4916533
3796303
1535424
6619694
2006889
8424087
8095262
8064481
6229203
8233592
8910000
7173632
1744014
2697264
8614424
7217038
4577280
4283466
1216718
3691050
5822793
4463428
4784581
9235897
4495322
7292523
1431451
4355124
6208563
2249118
4436920
5438705
5541731
4743327
4480795
5713038
9786803
7965625
1316412
9133215
6718477
6207644
8791523
9646240
8318356
1495286
8029482
8834255
3813160
4266273
9366435
6226819
9036162
9896163
2498131
6415725
9162038
4587561
9202648
6698185
9946377
1160243
6340777
1500534
6856740
4976425
7221355
4200457
2548557
8662997
7376422
9960129
6040177
3695404
5307283
6029066
7850041
1275094
1036406
1504778
1327534
6805012
5750593
1512020
1570919
9320700
3892162
1642577
7190830
5912675
7096365
3585312
1638847
7391621
6801699
7614124
2911428
9818982
3503901
4973647
5914719
2287497
9042295
4347247
6501773
4628309
5022146
4283313
1665773
4744931
7667736
4981673
4201348
8796962
7210381
7554355
8885196
1004647
3345474
7329867
4168860
6161682
8374399
3950725
1476379
2147963
2052508
9929078
9838938
4244065
2404993
8646890
3892207
9714090
2503784
9748308
8546302
3402044
7989839
4223942
1102488
1949789
3897260
9613221
6808909
4527593
6641253
3171689
2521577
3808496
1849317
5937650
3529110
2499149
8280735
9200381
3100273
7299044
9164645
1201930
3405879
1855092
7111793
7449627
8194445
8087184
7854890
8101468
1992058
2784430
9825824
1607350
2058168
9053894
5528699
3042853
8492953
2247980
4039096
1088856
6448992
1105390
8934919
3197949
1282280
7451787
2891251
4955743
1663932
3589770
7719749
8815814
8530173
3906200
5482723
2228436
7964023
8591174
2785778
9170666
8806923
1184355
9397992
2763691
4333784
3560424
3266020
5500481
6906215
1994543
1354450
6114644
6014906
9008188
7944854
5075883
8795828
3522124
5818514
9851169
7844431
5275351
3007109
2372237
8097993
9963461
5168070
4174561
4584063
4171001
4851664
8150497
8490416
2923351
4395821
3413729
2819447
9056086
1316977
3050672
4391409
5894905
7753920
2404534
3496055
6408253
4948338
6238747
4535027
8112122
1661401
4110005
4888674
2158902
6959309
2538445
9905588
9143775
8486869
5787895
5340160
5957282
6151751
8373097
1398864
9767972
4466384
8181170
2210943
5783618
4569479
6978659
7430452
1267623
2617418
5658242
1976950
3615476
2522870
8970878
4589000
4300967
9311910
5130779
9570453
3747676
6674094
4980393
3741396
2793855
5344063
4142377
1937044
3370524
5682146
2499629
3461828
1260900
1487278
7137895
2376225
9417753
2111261
9453191
4325376
6736871
1216144
1899897
3602494
3381078
4948943
1282644
7567835
8460977
7682055
5335350
8659727
9113255
5016711
3635405
6622240
8487166
2645563
4448783
5964217
1862939
3596844
4775439
9300002
3235027
5462973
1885811
6206574
8364526
5614929
5427940
1585026
6921981
8812337
1381743
5795728
5810158
2738645
2844950
9851286
3329191
2935027
4840655
2250271
5371025
2109627
4688964
3254143
7312288
4162051
9641306
8309464
9297466
4298145
2055641
4693807
6372863
4730818
7140572
5306019
4987601
5694244
6758438
6989459
1510455
2059337
4938650
3330982
4356202
8252612
6758223
8071674
3943606
3504914
5441407
3731400
5883315
1251775
5767863
2754786
1477870
8218235
3370522
3745685
4272687
3709000
1364183
5008930
2913766
4482669
5414459
8472412
5392891
8777075
5930499
3458764
2422244
6832367
9053531
6398144
9826553
5491875
5565383
2429961
3912180
4718927
6822728
7665154
3285000
6804314
1427866
9001490
4297458
2254754
8535220
7918997
3417090
9674785
7574374
9844410
7726374
9824799
1390782
6921174
5618353
4593008
6257833
4558289
9801742
1738838
8737265
3135569
5078898
5902632
7425034
2333740
5405013
7939508
3858047
7158431
8508809
3194712
4363349
4281750
2967139
7622938
6737160
5694740
1302546
5516964
1900976
1650511
8913603
6402003
2366987
8052276
8588737
8731408
2380110
2604190
8526317
8843472
5620927
7966118
3816318
2590013
7001431
8006501
7344822
4104987
2398794
6408325
5869277
9736839
3745097
9005139
5086855
6743442
4602057
1237142
6392965
8123360
3638838
8635671
8877604
2545083
4256757
3015240
7759071
7419703
9384050
9846057
2501768
3514370
4503380
3050585
7908042
7038570
2152442
5259690
9840004
4092137
5865174
8429385
5154593
7290113
2465281
1418798
3422273
8210685
9174535
5859319
6017586
8222009
4322409
6941849
5468576
4402780
8947259
5076106
5270657
4356827
7671362
1101061
8618760
8008770
3505189
4518978
7978416
6842095
9354587
5624770
1859100
5453553
1158287
3698806
9960591
6320521
4618048
5991258
4513008
5170421
1442952
9379087
5945393
7686290
1606315
8722520
7281607
8826838
9650282
4989120
1889129
7688493
8036448
2342878
9032571
3712422
7731102
3700334
9100158
8122686
3966347
7721650
6286857
6651677
1192784
4647781
1808333
8459730
9996287
8552758
8555666
7687701
5008066
8282972
5467641
7240823
7381036
7433090
7696888
8785063
3864204
2174999
5989309
9694639
2539266
3540656
8296596
4814564
1358279
6100336
6189078
7772797
8336952
4045942
4133070
1826958
6559851
9715315
6612756
6118951
7958337
1598816
4762929
2413454
8451370
5654577
3527574
4088906
4974329
4167836
1716984
8052479
4759159
5293806
4593230
4513819
9794521
2072749
1344612
3249770
5961871
6046804
3487358
1463368
1486767
9095495
5142408
9775086
9322389
7628862
1690267
7955877
6534062
2293224
4823814
5232309
4185914
1272137
8240709
1968148
7984583
4045256
9906775
1360959
7762267
6498010
3142448
9030515
2882560
5589987
7027840
1201929
6180918
6442855
6060873
6989444
9637022
7130379
7046879
9907900
1675114
4031411
7684721
2598681
6870837
1546956
7789554
5463477
3412130
9233897
4009829
3049396
5294233
4257245
4277258
8157426
3652196
1570073
3485647
1391247
9757325
1816610
1477801
5453299
6841826
9617309
2835297
3133963
1315481
5350449
9861659
8707085
8777899
5629471
2348626
6381145
9353209
1938620
9556454
1452457
5253264
7953051
9983466
1350349
2082144
3051773
9166624
6716459
6802072
3985260
1998010
9546757
4180928
6539784
8299517
4246670
7647601
7684899
2819380
8653519
3865337
3775553
1801959
5160097
6834417
1956620
2509619
3948714
5040325
5249291
2012382
6652247
9136221
3357348
8232733
8334553
4956213
4969048
7973258
2038389
1949436
9793002
2197734
8669914
9209412
5320854
4523027
9230173
5441591
4880596
2695013
7395420
1899801
6993909
5575028
4247624
3145293
1329430
9520030
2259434
4662365
6014968
5648842
4746253
6094192
3446176
8101676
5132751
9343165
2668268
6960676
9392300
5476313
3490299
8202447
3083487
4840960
2701411
2563222
7001315
3023758
8765674
2336107
5223843
6965403
9343239
7688100
9901255
6914764
4324330
1804254
5929180
2685191
6240473
7989826
7865572
4400118
9092315
1467501
3677043
5091563
1213231
3070635
7588462
4345067
1714902
9708080
8483888
5838049
2974293
4883345
5721143
4469800
5694730
1311364
5218159
2813244
9862299
6831738
9219872
8486655
9473702
6834035
7570833
6782526
9907944
1835526
9552883
4789853
4869725
4445212
9610846
3396192
7977444
3289352
9988045
2452063
7756962
9786435
8641438
8171214
9219951
3628358
3966000
4500676
1462002
7626055
3789527
6743862
7937388
1627311
9770166
8329504
2731921
5084170
8914564
4140135
3222504
3711874
6957132
6647628
4799057
2054674
3473235
7315692
5685466
6388478
6066635
5851670
3723023
1024048
9492671
2315509
2877024
1632404
4686657
3093818
1733440
2891623
9154187
1569462
1303373
3842229
1712299
8278322
7345310
7320411
6309038
2409624
5014986
6242869
9017532
8706603
9324229
6174136
2121362
1346124
1885234
6915086
7469027
8259306
7607005
5158426
4334436
6129513
5098845
3783163
4674638
6884188
5038452
6964307
2726038
4548668
9950244
3119884
7497445
1560523
5883119
2452343
1413140
4363770
3831516
3003534
6725075
7499032
3985346
5142650
1431252
3401834
1890224
5252808
5659325
3050722
8505109
9736488
5411671
5179428
8051630
1239106
9353528
3500577
3301203
5226852
2903553
7987681
3176041
4390064
2426735
9391701
8212541
2606003
4552121
1912612
8007281
9934005
5348792
3170416
3604327
8994941
6352328
2216380
9608648
7772326
7898377
1460057
6710345
1582497
4605760
9599295
2945418
3360883
3191738
4627779
6898201
9878300
7163272
1514130
5855800
6338277
1758550
2806171
5505685
8333423
1088753
9835140
5049322
5910258
2892488
8977049
8937617
9356610
8220846
6375443
6912703
3157843
2803279
4278064
9869081
5574418
7186519
7417872
3344287
3689921
1658001
4266472
9409017
8669827
3512127
5388289
6602899
1200432
2344604
9851719
5918686
9113644
4600407
1646384
2654119
2310444
2035931
7656238
1525837
6484642
5814233
4805636
6081848
6948580
3387173
6800564
2996326
7207578
3433090
7979870
2456204
5158858
9215024
9543823
7654137
2611137
4254305
4535190
2773790
9979522
2555386
5242112
1024804
8244999
3455043
3752134
5114691
1544294
9654864
1743125
2168409
5796875
9610280
4611854
2446013
4123742
4486024
7982259
7832867
1781493
9740520
6059010
7804856
1849401
1503212
4092931
3243153
8602134
4004759
1414920
5438429
5121580
6404372
8195081
8182781
3042269
4521474
9241852
5922805
7341422
8515627
2199045
6274578
7783554
8099840
1891636
5504492
1680547
2083164
3407700
7531205
5534862
2252179
3487242
7650008
3681576
4598125
8198505
2343544
7808484
3986766
9467406
5157420
1327299
3922526
8375793
4485582
1490550
6958885
8072123
6340946
1960249
7648626
4662280
2621226
3859486
1463531
2591517
7956158
2364204
5282170
2528861
8644313
7840575
8307791
5044747
8823496
1844618
4030726
3559154
4339699
2685631
6090633
5934879
8121875
9473230
4600290
1926648
1566134
6288638
5056271
8376889
6653340
6248136
6537618
3626889
7215916
2047294
2379590
1925575
4438414
3003630
8515772
4702244
8383882
5005926
6439214
5460204
3548167
1408410
8866834
6945979
3927030
1645742
2976170
8585336
6859398
7130222
5187510
5948104
8097503
9567511
5715869
5067395
8447775
7749524
6725413
3009488
3150108
2306947
4848088
7381343
1234151
9205210
2908101
3074511
4725159
9568300
4169929
3070897
8666039
5218435
4482750
4027332
4026779
5500998
8854099
6226667
4507303
6860783
5499371
2216472
1919373
7633575
3917294
5311747
3887926
6522444
7893299
9423616
2323794
2914308
8539401
3385590
2937661
8092136
2329047
6272573
8272179
1759506
8180335
7933709
4001782
6062445
3689373
1775896
6717362
9150573
3798047
7649678
7793358
1917182
3547933
6160875
9115839
9654479
8249945
8670068
6442051
4804149
5954621
5528850
4888975
2151166
8471664
8881858
3255467
4527841
7179445
9162889
3046669
1227281
3014865
2579434
6073138
1752574
1544161
3687865
1139532
6804506
9618497
5450784
1093817
9774563
6866433
1856465
6694996
1473002
2442570
8174538
4146202
9050682
5618892
4420022
1350053
3348083
5588953
1168205
4554081
5657070
6041153
5520612
1574455
7439317
4314961
9160130
2588646
7157683
8439194
7851088
5080153
7680787
2906555
8403143
5947934
4340200
9949992
9130506
4465911
8435698
5564752
4909302
6768240
8229118
5501893
9381709
3816034
5646886
4535161
5007755
5472176
1293143
5210955
7467948
4797171
3945001
9735041
3611820
7893975
5485933
6611163
6058245
3305703
6847988
8301501
1743544
8395171
7541780
4237818
3768887
7515960
6512785
8214134
8028580
2076092
2275467
1110616
2128436
4578812
8929166
5120641
6002849
5830335
4889565
1320263
8699337
3982561
1137578
7125864
6517205
8081901
3833044
5098404
7109310
9961202
4723564
5685216
7877858
7798699
7826624
6386210
7844033
2694805
2057453
6745704
7692852
4882892
3195258
7247001
9311136
8080765
6107286
8295484
8723052
3595314
9486974
5012299
8197016
7844469
4451391
4681106
3135192
7863392
6087710
5334933
7618038
6488840
2365447
5774704
5719631
7632965
3316414
9417312
9238727
4365838
9367122
4681161
6315764
1017813
2122461
6915770
7698920
4843794
4517011
1950259
9535491
8284776
6581626
9818394
4162367
1009904
6444776
8951334
1649315
9260637
7082825
9561383
7799721
3975148
7871588
6369844
1213218
6506993
6854093
4169440
4912578
4232938
4575236
3450953
5919288
7803468
6941519
7799171
4326347
3123632
2129974
3597970
7339671
4617143
4777785
6891106
7441252
7993883
5803561
7889437
5739596
3498726
2599507
4630773
9193547
7114442
9771766
7883333
1717927
2151247
6655628
6614315
5510246
8196252
9528396
2856204
2902760
7888751
8560518
5624789
6811862
2271986
7579749
6439751
9258922
4191017
1239225
6171405
4645634
5202413
6855082
3180565
7768310
4024504
5613938
7818143
6621871
1788088
1344945
8354397
4114538
4094387
5154269
8131091
8789542
6952395
5154094
9148899
4650017
3149963
6106864
3960230
9952810
6315882
7480305
2541301
3567458
3503740
8908756
9184497
3543495
1882888
8674873
7068113
3994434
8777959
3550143
2306397
4313147
4036102
9544253
7588659
5846656
7114828
3087081
5000572
6430676
5447563
4120532
9630397
9454325
9526685
6145774
1144870
8463313
6863742
1471121
3757721
1931925
2837250
4033357
9629808
5780030
9601067
5402362
4019629
8415029
9110428
7924209
7756423
8094160
8340711
3912921
3226123
6280672
2734164
3088769
2075576
1560902
5620787
2953810
1133373
5345898
6741787
9693342
8531777
5987014
5028473
8514513
5658303
8079272
1995515
7132384
3041140
6254751
6278897
8820112
9321254
9724199
2418149
2684701
6726385
3651694
7909252
4896073
5609065
9734377
9904236
5410639
9101365
7774784
7789170
3520099
8617375
5966014
3716018
4066180
1877893
9987759
9440098
1065549
8549898
6820194
3831843
9544970
2657713
3593352
1939252
4063764
3510555
3466006
9072594
9886239
3437095
1379377
8167947
7058859
5339889
9747702
3365625
8847004
3517732
4571980
9950739
7875762
9672138
6514215
5941457
7061274
4858691
4322238
4442703
8775497
4151428
8904421
8593149
6432659
8427784
9740529
5131057
3898237
2483774
2177863
8968481
4195205
9069070
3674809
6461679
8645532
2616385
8493523
2242371
9758912
4664446
5867274
7374896
4909410
1851099
7053672
5239224
1878216
6291472
2544277
7006445
6063155
7618383
8630388
6613480
5720152
1980201
8040852
1111928
8830431
7298611
9367397
5769477
7112377
9896180
3166112
2785578
6376985
9982372
1388089
4343507
4745584
3192657
2342616
7262185
6404989
2077457
1432283
8047670
5789240
6246013
9611810
6229845
7034329
5898703
5353741
3210944
3830308
5436224
3280718
9359716
7341002
4804758
8157726
2252299
4703399
8117927
7742551
5667754
9560992
8262981
9817347
2720434
4349299
3072130
6382555
1951040
5120280
5920089
7012947
6959528
3486269
2756532
5176795
3584840
2841371
3787728
3743804
6666428
9731508
8738823
8013856
1254445
7422075
6159633
8060126
3134125
9648118
9586839
5618370
4838274
3437535
6279576
1364736
7813790
4459216
3716749
3627175
8229693
9461403
1142970
1474602
7535290
1069897
1781453
5002204
3129057
2969405
6994115
3002118
7886143
8246435
2155862
3158697
2326279
2425161
5376146
3126432
6357845
1902036
5838034
1371759
6350655
1821096
2419419
7321213
6957071
8422498
1104019
5946234
6788682
1022295
3349842
7523605
2578516
1465300
8525489
3175239
3139753
5478376
9532030
5309216
2271355
6669260
9963155
5824183
6677421
8634117
1649469
5876224
2184183
6374730
4413495
6055064
6662437
7968863
9524902
4259856
4651939
7940926
6370390
7490964
2000130
9768388
4244095
4923617
5470450
7817899
3380660
3518034
1258318
1267407
4656745
4416129
9543187
8315636
2473431
5953637
7129798
8212496
9597609
5746776
8249413
3896610
2724285
9413863
5274280
5783169
6777593
8642416
9689903
2693889
8108761
2407486
9071250
8947476
3578293
1036982
1341743
5143053
6573354
1253687
5560301
9184797
5437054
9016679
8960289
5549828
3048109
6137246
7551289
3373331
1367714
3363396
9015493
1507296
1976192
7269406
6421734
4017639
5523905
3526187
6683562
8873033
2915491
5409683
5485193
5090535
4059972
7645364
9399853
5097211
3436775
2238053
9401620
6569715
2983936
8649000
9112691
3757362
5306726
6596994
6492890
2113735
1910299
8852858
3414116
4319699
9945334
7582664
7169805
9101825
2217167
4186557
1873821
3055276
1410159
9709377
9980587
3377698
5269135
2818836
7881575
4059271
1619635
3517432
4470341
2176603
3395207
3514037
2868429
5474769
7228672
8298346
4974989
1786165
7144437
4745355
1959331
3781408
4942848
5459003
4214389
9873704
8761065
5123771
8796589
4570952
9132180
1229556
1504982
2563312
5729985
2798430
1519578
7198707
2847091
7425074
5151350
1658604
5196329
8459517
4477103
9813791
5381262
6545474
5548449
6048990
7155235
8973401
3107525
5285260
9262539
6871588
2353486
7076499
9623291
6721148
1974139
9036690
9404176
8077148
7935725
8223659
1830061
2908015
3845656
6730530
3819598
5120842
7582955
2059584
2110425
8519288
1249431
5450204
2170632
1216970
3807665
6832074
1242844
7656358
2746472
5000805
4466989
5324042
7853241
8985672
2002546
3023696
6716510
4430546
9984615
9099679
4442776
7313147
1745876
8364422
7917610
9703535
8722655
7986624
8563618
3265315
1487177
6035387
5288944
2224133
6608152
5281246
9199851
6296662
8004703
4359368
1527003
4643655
4873338
9086079
8735186
3739589
4765355
7050499
4374619
5791948
7763692
1086226
4020093
3758863
7763401
3988132
3737600
4964585
2293271
5819199
3010384
8900847
6784028
1420946
9824844
6035110
3105379
8123762
7931249
1256734
4285169
4429943
9593780
5840204
7150956
8964383
7745769
9607973
4958842
5752603
4880550
7382971
1861923
2745262
8373245
9642327
7615289
3689224
2097123
7083032
5772439
7194949
7692530
7205919
4251643
6553613
8994506
4453788
6892943
6401837
4916857
6619241
8606139
5305677
9614614
2285199
6038300
9206915
4241097
4953152
8035076
5067098
6763892
7264950
9208813
8134670
3726168
1372464
5715541
7766916
4133977
4004691
7407892
9318337
8012817
9035276
8796747
9054223
2191529
6516778
7282450
7259183
7045095
4289309
9696807
2942914
7424409
7851846
4616471
6608827
7737443
2243731
6837996
8901550
9452297
4400525
5402476
3769504
2175709
9855921
1686879
4508618
8742357
7713025
2044388
5023921
8136205
9950051
5080140
6691532
6298739
1824140
1102385
3267860
6380704
4536006
4742408
7890998
2480712
6602399
3789613
7596001
2514624
7433897
4088434
5697259
2188604
8477618
7217066
9921668
3691779
6670000
9210072
5514518
6456622
2231612
6167177
2145847
3928277
6933396
3549770
9275504
9682626
2672979
6281426
1125888
4986893
3193866
7726189
7785437
1373440
7018349
6782266
5605644
6274628
9003113
7462904
1390058
3326308
7071797
9497953
7387892
5394423
1348609
7108512
2888204
2135107
5623401
2513525
8797738
2436836
8239048
2976426
5341136
8110063
8005976
7721856
1870760
8103267
7457077
5248991
6963988
1816598
3242695
2972864
8512338
8673183
7013949
2458451
3519612
8362660
1054960
9085673
9532599
4166247
9329219
4742599
1640230
6873511
2197419
7066210
6777855
2498538
8611864
6569069
8624668
4042499
1555072
7981598
1724340
3734448
7064166
3937599
9294610
5773434
9511931
6175631
5591437
6061937
3336481
2979346
3320274
9578466
4155659
4122656
5678048
9307359
5961385
2057495
6703374
4940092
1263308
4301084
9457192
7945398
1517217
3029762
8500131
9714096
2506536
8813819
5423211
7652522
3683794
5325587
8803986
8402229
4317845
2940703
9189754
2359366
5384290
6360802
6286523
6389677
1591263
4947950
7799763
4166993
8424654
9096152
7931726
4481093
3720024
1550183
4182425
3619239
6066334
7761132
4635458
9080959
6748921
7398826
5094463
2777570
9968330
6527013
4970486
4085744
9798308
5379828
6352273
5111425
4924485
6089302
8108901
2293236
1337185
8768667
9847818
4479724
8237643
6391192
5324191
5876752
5352005
6745139
9209828
6715591
6654156
3561320
4964752
8052035
3970060
2380016
4561131
4295250
1663656
2795491
5998427
3689017
5164950
9602228
7901957
2363613
3690672
8356369
5333649
7983569
4808698
7561388
2530416
8202439
9582500
7562295
7006887
7495804
4314903
5533046
1241511
9407615
4710542
2033264
7934167
2270492
2389620
2010459
3789082
3782004
9685929
9738208
9608711
3581066
4861721
1864662
4433716
3734734
8772096
5818254
9183371
3257785
5829720
5323195
8509894
6397236
9835968
7259485
2698383
4658739
4755740
7265983
2649023
9824048
7039397
2369348
4633512
1448111
4149985
1570767
3850618
4661712
4414319
9814926
5082594
4925265
8570459
3511701
6008342
9160796
4849797
3080299
7981235
9579140
6325852
7139876
2429861
1611620
3863259
2608169
5841150
8636082
6871203
5566614
4861992
5416597
1250655
2485392
3435934
8290796
4976042
5548202
6407086
9134696
3268421
4266695
1182620
7204525
9401811
2045403
7624724
6147034
4224067
3045619
1423669
7279087
6819441
7030479
9996470
2955256
8466260
9064368
8872503
2390996
5205946
4301124
2577953
2356553
6974205
7582803
3702734
7762017
1966852
8425965
8392088
1874110
4519866
4631420
6030530
4384959
7574198
1492022
6428009
9366142
9746211
8736681
4354464
9879234
5148621
6378572
6299975
4497974
9903310
2900782
1579452
5642908
5793452
9201199
9306780
2686705
4217894
2891797
4300529
7164291
9751136
5410948
3434859
9404445
4038444
8536040
6490359
7983477
5792343
4767540
3372895
6190852
8879317
1245235
7345740
4873212
3412893
2226843
8842690
2938217
2264970
9172211
4989976
1941841
6915808
7458903
9686959
3400742
8883579
9608357
1275298
7549219
9206653
1139244
3504760
7396765
1844946
9937230
1291129
8334390
9531050
7682461
8801048
1585619
8541091
1861538
7073698
8025972
9773850
3376443
7483985
8744380
7681848
4438986
4264238
8274829
9929163
9610956
1688049
2954064
6356736
5507505
8950666
1242627
7836746
1796061
5980359
4463278
5002589
7415282
3985484
2718143
5331967
6360943
1672715
4016324
6123589
8229487
7802099
6566583
8336677
6768567
6502547
5402441
8971347
4440783
3935488
8426174
7297631
8255269
6440699
4917313
7475813
7590378
9959071
6204305
6867131
6630152
5950579
5383031
5645819
5712878
4872922
1379855
2624608
5585042
3799977
6992997
9216887
8312249
8229139
7515281
6406782
6815367
9319710
3319307
5906362
7276428
9387585
3427534
2479681
6653622
5783976
9317386
5131443
9347274
1060885
9663467
4231034
5626356
9816665
1324777
2483621
3995508
8371166
7703217
8397865
8285376
9514580
1110465
5568186
4356829
9217209
4944263
5077166
1156593
1964966
4224976
6836271
9120257
6863411
6116456
4990448
3022003
7153247
9897654
1879519
7385361
3742138
8271214
3102232
7690119
8770473
9060853
6601808
7556163
8199798
7150405
3149626
7942809
3746631
7593174
3521716
4969153
2846745
1156432
9731205
3514474
3680008
4609057
5789949
8677039
3802011
4670981
7361637
4364390
5314915
8481111
4027922
5416020
6686639
2258634
2770798
1699037
5724950
7992794
3264996
3524435
1833026
2868615
8976405
1953404
9021644
8359076
1945004
2310315
7024202
6154050
1972283
6710364
5218330
4163772
8037943
8280326
1065713
5826504
4069524
9917588
5895524
9476834
5070248
9605598
5834383
9168086
7801415
7364439
4180654
2463855
2963280
2734817
1116005
4926748
9490944
5105155
1066527
8558407
3917615
5170947
5265439
8976987
2436167
9005052
7287194
8270490
9817913
1905882
2205551
4456087
2388735
3796216
6760831
8581322
4838328
9769137
4700081
5558842
7128518
6557726
2296429
3717878
7254124
8467960
8579756
9564252
9465778
2888288
1571561
3105006
8685140
9290193
1165781
6183732
1126188
9389968
5125377
8368863
8791824
8218440
6540176
3871878
3513299
5968807
1320658
6578964
5552914
1788886
9276307
1482183
5511454
6475677
2581428
1855629
5897083
5134854
3992340
6516850
8566578
9284567
8682336
7586842
1965383
8670643
5065156
5124649
8541422
1984760
5100063
8564776
4123240
1123768
5732471
3289554
3056307
5490114
4206259
6161453
6764548
9147241
6082093
9617779
9336425
5619492
1167403
3721001
7257597
5803808
1361232
8708771
4791858
6401481
9696261
7060626
8456474
1374427
7140752
6030661
4514118
8300268
6109943
9886279
9852079
7797054
1598922
1774640
3391731
5684938
2671134
9869735
3499976
8090485
6370259
9074390
6387840
6413555
4706170
4793276
8198942
6923522
6121744
7388934
1836015
3532640
5067690
1439057
6139022
7734709
3786301
9979388
4154223
5786204
3143481
9444635
1942706
5090076
8901325
3882934
8896878
4954574
2435504
6997507
2977569
1680034
2236738
8074802
2944723
6056757
5354113
6319543
9374003
3608885
5808235
4982480
1532333
6806693
3788421
4086348
8533228
1241386
6829714
1656267
8000805
8171192
8505567
7577411
5744560
9887838
5006349
9062950
9066131
3440900
9861660
2425108
4961298
4482063
4672642
3008996
2935603
1044295
4853976
3167749
4695270
1954501
2743687
3951160
2040389
6583711
6420693
8723259
2436246
5772367
7507665
7908430
3416591
6396874
1619209
4053398
7488337
5522392
6344859
3659286
7977113
5373169
3351904
6512707
9425323
3189106
8801845
2691999
8577405
1305875
4701137
6012920
9953803
3742776
3140564
2739097
8707974
4736421
4032820
2887853
7717376
1458242
7471617
6567495
8575594
6128980
5844074
8035438
6071859
3366537
5348992
6484990
4845029
7166657
1918688
2956198
9708951
3948839
3088558
6141252
7960589
9871189
9176864
5324901
1653242
9509847
6274444
1456631
8057382
3514822
4849685
8427332
4138334
4428392
1569864
6786655
6838883
5653126
6648443
2119254
3003451
5780870
3228373
5582560
3642711
6330195
8898491
6783570
5742664
4213766
9693144
9635089
3348556
3630330
1406814
5014641
1993990
2592378
5784564
4110331
1047106
4769716
5846162
2668829
9357305
4626187
4580108
6294992
8067926
9664428
5307637
7074099
1320360
2466906
8490414
5095923
4344706
9779242
3375216
9079044
8130326
5737480
8154671
2910697
9582569
4050690
7129190
4854450
4756721
6785887
6083301
1739817
3855402
6400565
2895352
8813674
4019176
1554771
2195667
1854111
5185141
2414522
9344823
1135615
3242225
1165395
8243709
3473655
7903924
9153385
6719017
1392219
2830204
4771972
8891606
9430482
4583089
3887816
5186822
9343286
5328688
2176037
7035159
9509294
3154171
5644434
8903803
6953889
9112607
4114020
4472472
5991374
4466782
2833643
9276996
9618404
7833456
5846727
7270514
9584096
4484066
4024136
4595982
7360687
4466790
6191343
8309599
3711573
5283731
9489935
7753398
7819625
9122983
1757960
8325999
3326886
3480431
6668472
4181224
1375169
4150182
7442790
1719733
9775962
9821149
8237536
9735081
3859404
2214080
8911589
5209771
9855389
9412781
2107860
4908557
1187037
7497351
9988506
2129079
1548658
9335424
2417721
7776978
3132499
6963467
7326428
5893697
3452570
5529941
2358687
2801995
7749887
8303076
2358412
7804554
5050092
3440932
3893930
4938678
7915027
1821588
6646434
3401816
3688436
4138573
1240381
1523154
2300295
7737160
5787399
6314999
7954928
3197586
1922821
8242625
1744352
6310828
2113223
6488967
8270294
9203124
1018392
7690970
7489820
6030594
7771959
4288796
7153442
8369575
1614463
3902442
2001358
4944766
8630228
8410295
8503413
3224180
1910746
2520350
8650008
3696118
3727821
8090971
8714751
8696640
3198010
8703033
5433274
1207958
6038837
2097246
9495063
3428321
6908679
1316072
6504722
5387569
3774397
2078365
7209730
5084297
6278918
9148628
4218828
2366581
3121457
9282827
7410104
7523954
4266072
4858837
2352928
8467307
2752440
8575159
7007493
3549861
4062552
3095432
4561728
9802625
3833604
8821371
2469334
8414491
7081645
3554013
5110980
7643075
8321061
9159486
3801615
8844351
6631185
5738612
5678771
1015771
3529184
1568072
1230445
2070685
4267986
7647178
9570365
4487425
5542574
3821845
7068353
7654452
4042235
1005412
8013680
1567579
8144398
7716269
3529410
8197183
9996363
9369053
1509070
2970027
5485273
2821866
2307880
8119574
6927862
9444618
5549117
3390401
7155802
4418762
9506548
8157117
5892527
8090969
1284212
3852728
5108840
6783326
4539094
7190580
3974601
4075576
6523905
5107253
2810083
9972264
5649241
8311837
2782538
9040787
9665166
9187150
6495673
8852634
3557660
1302433
9981662
4640911
3130842
4088748
9482880
1354429
6965812
3056799
9661367
4495217
1341078
2826572
2975655
4239012
1179077
7639583
2522769
6050333
4834206
3652918
2323380
9802066
6296296
3706334
1814673
1659944
9089012
4446105
6007617
5155453
3133477
9354486
7483942
3128338
5282118
4719213
5663994
7620155
9466852
3264445
5693331
2154083
9584614
6312184
1177637
5052721
5833883
4457281
5504549
8892849
7946179
6641201
1777887
2430647
3295138
6758610
9395269
1196980
8683767
2530326
8807146
5593342
1716842
3706580
2745329
5011737
1728666
1776771
5698629
3129686
4994552
7428644
2358508
2673385
9503322
6574169
2898646
3806448
5483621
8315563
7581489
3910862
8064359
9840865
8890222
3025759
2113493
2566929
5878011
9093075
8606153
3231822
4985373
3204679
8252139
6045027
1936864
8537032
5628122
9040397
5580425
4039534
1606416
1492103
3614911
3814615
2909581
8826589
8516920
8025714
7520825
8296051
2554502
7430176
1072604
9080230
9785289
3129926
7585622
2086123
9361861
2831119
9315249
7486620
1783370
3489342
1919693
7689367
2491120
1443578
7006575
6532678
8398719
1877914
2697287
4096444
5889257
1320573
9124142
1669868
5603975
2727912
9130009
1677356
4570469
1814985
3753194
6355700
8519884
6766383
4309943
9040452
2622512
9430115
1179532
4332790
3770239
2903917
2794242
9290668
9777352
7128392
8240940
3076509
8916761
1059999
5930908
7668939
4350182
1203197
4620609
8526031
1002076
9654709
8799381
5115795
9630816
6320586
2159424
8795048
2674335
5418899
3330394
7379313
8147759
1996493
6202133
7345075
8606732
2127867
9465544
9280503
8322702
3354914
9899997
8351677
3883124
2935706
9490796
9018278
1936645
8099589
4391719
2445586
3384918
2896114
4989701
8987066
7314304
4040232
5341592
7484012
2525317
1133513
3386636
5838092
9513867
4661115
1692280
5941648
1049914
5855744
4487588
2404800
9086999
3947840
4301308
1096820
4592524
7547155
8760924
5213126
4372911
7457396
4911066
4408702
3904994
3560333
1367398
7900450
9372402
5166458
7304248
4784932
8970423
1064430
3004839
1476430
4067379
5166247
9786080
5145665
8826459
1045418
3862032
9348740
9602640
6668958
6044297
1143308
1265195
1324992
9981586
5455231
8606599
1791342
4327794
2574495
8630401
7239584
4392975
1283294
4454183
2999887
5222182
1005207
2390214
8163624
2931075
1559268
9006929
8734469
7936808
6701492
9215893
9485319
1622094
1061859
8815207
7483671
3489011
8352747
6875347
2652194
5637736
3081054
7040418
4392111
7112780
3829138
4086806
2990597
3314437
9110514
3450737
1130152
8708970
1342745
1647280
4802714
4697398
9007466
2731091
8012987
5573605
9129760
8968823
8502595
4422324
4333006
7785619
5978364
8312285
4321100
1707863
5189268
5263500
8647424
1233963
3786671
9225318
1641358
9342631
1029661
1436649
9294221
3526457
5761924
3695760
1787383
5125066
2294366
7770230
3418547
5358729
6268996
5840446
2262903
5758555
2915547
9295859
8459294
3690121
3605838
4129398
2286336
5479306
6300620
2948290
6116373
1099237
9218916
5112867
3347772
3808608
2791603
5159351
5736576
1880233
2771590
2902859
3188495
9034642
5556822
9319624
1060523
4971227
2136843
4735907
8077057
1289502
5328974
9202779
6499914
3690516
5737436
4007788
3896467
1456673
4234310
7080305
5830307
5567686
5777102
7187667
4999457
5214245
5368574
7242906
5778007
9609922
7865177
3797248
3302672
5892482
2048319
3972812
9837561
6490941
9391535
1221315
1746067
8817889
1844074
3925000
3704245
6964390
2697796
1771608
7836616
3167839
8533850
7742799
3226283
3966404
2972657
1826177
4163305
6133733
7304162
5143610
6549795
2527787
4392189
8166330
3864134
9306553
9355912
1613453
1831808
4750646
5203431
2531545
8627390
1141913
7319544
1466720
1272796
2738659
4768514
1102294
9501943
4039924
2483962
9366652
2195996
5185490
5983786
8296488
7622934
2667491
8438590
6955762
3631880
3711794
5670576
8475300
6819805
7110280
2096797
8062289
6758329
7525968
5976220
7346536
1272694
6282309
4863311
1814525
7007911
5140402
5617040
8783434
8912857
4629072
1742167
5319535
5815872
3287622
6729462
9254952
3523392
7914545
8331266
9847691
1593299
6615126
1910481
2432663
9983025
7572751
5520398
9938145
2845010
7410467
9190542
4014143
5478705
7595022
7500307
9301991
7493044
3687352
8997045
9357311
3290656
6410653
9451133
8095354
3290073
7448282
2115093
3233215
7523391
2543367
5503184
8436561
4712733
8906477
4431554
1088552
8874160
6375740
4993827
6540090
8434151
2133848
9454503
5706373
2881554
1458422
7923809
4334162
8021757
3283679
8536406
1497228
7417745
9855717
9352371
1532682
4343606
9569349
2498284
1657734
9209712
6575128
6282705
1126664
3255622
8557588
1268952
1808912
7334763
2430918
3503755
6367511
7222843
9841643
8135553
8382337
4755560
9845993
9762208
2655435
2396082
7800845
4214183
7223518
3221107
5420394
9179923
9416587
1291277
5511793
2460214
6654998
4693719
5175299
2090998
5092657
4436555
2842620
1257544
5341672
1345724
3443510
5078886
5327619
1615737
4493704
2028397
1779583
7224680
3898512
2100030
2933708
4213776
1589521
6391337
7713106
3947315
4787974
2900296
6572676
4758257
5370980
7393122
5161723
8152995
4925975
4507599
9452482
8356569
7953299
3245530
3339039
6221416
2746825
3692749
1965687
7318661
3669670
3430882
1167704
1776981
7250238
2110153
4971379
8135160
7240142
2861878
4453818
8358336
6788021
1108248
3506726
8280423
1968228
7514493
4996130
4994093
7523834
6306007
1132114
6645714
7622503
8463320
6289964
2427804
6889230
5771352
8661865
6627551
3803299
1153268
7606764
5293630
6806346
2406321
9305629
5576920
7767254
9747107
9454328
2181346
7969440
5913187
1738998
4550187
2342159
3585476
3746698
2805374
6404623
9533599
9276649
5895334
2999534
2674781
1077530
8385731
8212765
9766485
6141865
8666174
4988411
5828797
6603777
3240627
3916195
5025912
7535182
7512692
4671624
3370353
2444962
3244990
3384769
3422173
6402652
4219708
3436142
3380523
4957085
7151960
7431532
5647373
2225404
4390499
5721690
1711555
2213660
7824832
6021420
8159938
1398185
9929124
4424985
2499631
2215588
3172587
5116913
5973213
1346730
3039636
7898366
3245614
4614144
6680678
1360743
2532626
3943805
2613387
5077164
1494955
8433644
8622189
9497451
3151136
8988396
5924061
3907803
5898360
8451185
4868459
1050980
3511230
9266661
5297979
2603215
6809508
4848734
5738527
8761427
1030874
1932067
9612449
4496961
6779118
5709538
7301206
3729777
3026702
3868513
4538712
7562330
8279467
3968273
7253611
3434266
3656868
1939678
5623189
9715052
7786704
2999367
6495999
4507207
3658889
6197623
3958700
1518275
6534627
9765832
4190436
4509265
9421801
2726890
1682680
1440554
8584028
8370248
4733018
5323484
1143297
5291016
6699539
9184707
9982783
7835977
1118583
1150580
4778269
8046910
4997329
3024727
7696780
3434446
1891821
5422834
8511290
2809954
5322512
2525030
8162578
1810420
9025340
7384143
4584972
4751145
4306387
1658415
4809151
6758988
1084487
3956869
7897656
3559034
4563261
9165180
6261847
6467125
7697464
1449180
2642506
3923889
9003102
7142596
8308910
1102990
9970029
7733945
9167178
5774462
4131666
7001507
2521895
4848792
2421413
1816341
7767651
6011205
9331223
7226836
2763110
2707826
6358708
7341062
3599581
7144118
6848191
7025926
4389517
6806034
1330824
6914377
8112566
1984839
8817992
2977317
7689021
8756552
7002398
3008349
9136394
8055215
1288141
1514849
6187769
6960498
4663255
5106790
5719479
2982147
8777940
9471442
4702094
5632303
5263620
6487627
7342885
2714833
5807256
7256659
1985440
7027255
7759279
4282768
6036782
7509721
4724391
7791416
1596424
1423070
1111285
2894210
8111387
9543343
5662158
8313766
5326413
3458316
7837405
9580958
4823934
3393900
9265668
7669135
8907689
6032552
7862594
9946414
5298669
9264790
4157115
7837779
3391149
5652388
6851051
8983426
2940280
9293473
9336747
2696206
8248067
6392111
7713799
7659855
9238787
2565957
8149968
2939506
3437105
8549088
5176406
9626209
9705755
6196388
5115461
2633144
8798468
3846951
9461663
5581757
6444390
4966030
3965734
4844144
7769919
7263190
2449270
5094044
2916204
9553736
6383273
1437605
3909548
9642102
2791503
2695418
2445319
5884595
6528454
4189945
6707955
8645694
1041614
5193669
3582161
5962090
4557271
8790766
5155722
7232031
2797352
4272517
8156993
7381097
8614144
8314819
4570977
2554444
4449551
1110267
7614554
2503239
7039453
6701982
2762975
9309623
6680215
6697795
9489875
4364704
8350970
2108626
2605201
4388565
8597616
6435818
1929164
5917533
6109543
5443823
5607125
9122849
3544269
6713213
1234819
6677274
5031336
4081656
6751298
6839571
5143017
7567742
8762322
4501390
8117951
4895602
4430391
2732754
7114505
5117783
6358192
1006381
7270797
8900453
5612884
2663129
3520592
1768695
7478006
4792034
4380752
4736217
3692662
2118870
1258796
7649366
5794488
9910332
1876641
7155279
7507279
2200360
6162303
7047841
6309246
7788049
9332787
8161935
4909474
5353874
9154665
8172545
7240876
1481975
2556253
3685806
8454932
3767286
7026972
6049623
3634166
1340451
9725017
7591814
7954152
7268482
9587993
5226825
8728025
2663582
5993807
1593289
7445325
3177987
8805086
8203026
1598383
6010594
3522131
9509715
3862985
5375430
6560078
2002884
6788029
8145784
7018351
4717235
5448643
7534270
1129291
4594228
5466748
7166528
1552263
4901028
3779932
8995387
4744586
5449647
2279963
9618596
2456115
5960492
5400215
1073050
7519497
8295848
3511198
5934015
7940139
2073813
3638009
7767910
3384456
9358538
2182597
2951377
6543264
8445035
5857614
6894851
7485517
5136420
4964727
1214897
9550744
3599825
1391345
2527984
3949295
7810025
5647410
7397265
1282477
2728760
6328842
3887881
7812190
4344630
7460098
1582453
8618255
5318212
7934456
8584519
1533016
9976539
5908542
5101948
1737588
8407514
9048580
3231115
3367293
9534013
7271761
7561923
6853954
6021484
4018054
9456366
7040193
3246620
3801739
2671218
2419112
6971335
4901470
1171381
3740689
6700449
5391791
1371004
4607499
6872217
1435363
8168783
1201722
3505933
7644900
2543450
1634720
2575578
1806827
1234493
8723361
8921362
3503551
9526652
6163185
3260771
3816044
4415453
7578660
5568407
5943448
6758253
6360768
1610283
4733820
1317256
2932399
6917113
6658657
1022317
7445946
3446183
2427401
6229424
3094591
4713557
3966430
6921173
7378833
1251765
6150116
8875794
4383371
2061177
3380399
3986304
2223723
6157746
8227028
1888533
7189265
6216606
6949935
6331059
3607406
5073913
9816970
8528315
1841575
9596802
1482482
6209532
1410507
2959669
6340289
9901717
2373817
7471018
8502122
7157710
9581217
1473967
1661111
1881295
6817997
1234170
8104274
5481692
5932069
8581523
7447757
6073941
9198982
8706040
3192559
1804426
2738471
5475305
7868598
6106893
9381996
1467133
5394774
9449519
8068275
6839280
3434827
2797105
8808419
9247088
8891491
6091462
7255833
6885782
8290992
5105351
7976075
1126257
8316803
5469819
4619178
1953736
2722690
1762125
3571839
9374737
4878017
1144927
2822116
9903983
6436094
2775700
3210377
9927036
6048653
4464696
9728684
5058172
6306573
3654906
6824988
2692571
6910437
7111891
6273569
2613643
9475103
5865149
2021104
2896177
6485953
1869774
9926073
8752118
6228031
1831447
1918808
5458042
8348611
4236855
4873879
6719960
2085048
1912324
9850086
8494383
4228460
4677105
3283468
5549448
5532691
7650253
3300791
2095316
6005169
5442084
3270090
7101251
8095388
9560895
6271973
8630344
6734991
9904914
7887156
1526472
5850972
5727820
6918746
9769220
6256805
3581921
9689016
8290202
9694042
4829427
4796630
5318197
7970058
4331756
5292659
7766448
2957606
3894348
6006953
2673250
8608419
9962573
4730937
9263477
7825036
8577151
9262198
9804148
2858866
8883537
3635437
6806252
5627483
3634404
7078484
2451993
5234400
9359025
2567741
8672761
4181116
5741106
5791542
8744367
2523413
5310574
8698038
4995949
9771941
8030798
2874340
1882956
4948465
8120195
2681998
7638773
4323393
4907002
6027817
4982679
5070347
5744878
1986495
9204731
4872185
1668512
6152536
3680965
9899372
3654196
4802465
7319609
9350955
4914089
9180939
2345238
2345314
5882225
4026575
7482983
9859596
9188241
5513087
8670438
9455417
6677986
7616790
9592566
6237554
7934764
5005309
9718240
4757702
7917219
7207063
2579132
5433833
7776394
3345394
8278850
5897400
4011878
9470198
5530668
4235911
2055707
2279622
2575206
8977991
3165817
3512605
9829728
4483021
6742263
4668449
6398340
3816043
2077814
6473093
5996422
9672288
4227911
1319256
5456064
2816106
8114551
6294724
4563846
9770194
6098368
2898754
2362514
4407979
6877857
4830010
8453186
8456958
5548674
6160933
1964004
6380188
2511920
7138080
8705593
4466930
8265575
1755841
7528961
7766685
9253584
5831640
1937883
1177297
5446311
7176767
8267918
5544749
6098985
2993627
8700346
6025629
8426469
3534760
5855827
2844204
7895222
3759339
5011412
2961792
1888504
4065337
3926866
5700555
1326006
4918046
2247349
1677716
2501575
9953351
3033576
2560137
3327269
7131639
3760324
4109340
9905947
1358305
3372320
3595813
4603306
4440997
4943455
5407840
8574764
6946642
1861913
7889754
9548293
8764360
3448113
8946014
3038858
7271574
2751519
2236846
6257619
7117264
3406023
5577616
2220553
3158646
2226548
3132204
2126784
1071281
1325934
9569574
5030520
5005455
6141177
2750779
4305183
5934762
2652569
6850828
8093755
2171324
8019652
4354381
4995921
3348161
2447005
4265434
2521247
5266041
9630608
5503480
7542418
5547726
8189210
4646018
7039330
3222533
7433504
9204732
6141556
1987230
3707022
8840945
2606832
4696666
8949008
5091444
4398028
8797808
9907131
8115089
3979570
7874462
6883180
1121676
3912878
9621623
6092102
8638883
7960355
5853091
4691426
2594669
7585535
1966200
6708415
9780362
8684444
2545345
6878301
9115322
3746131
4801605
9995425
5754148
7068470
4726570
2404296
6615049
4271979
5256367
5173185
7032318
9951862
9266844
5059323
4086308
1076158
1647114
3321123
9081562
5528681
2234584
7399326
7108217
9103417
8602618
8020306
7641851
7809640
8036941
1083808
9320852
4257762
7052305
8129804
4525920
9294034
7699714
1391678
6756238
9887786
6859761
3210729
5653628
9779509
1277914
7783718
6333683
2300223
6050725
8015752
2866848
7566030
3288115
1455852
2048321
8651599
8402255
1454153
2498840
8671456
3112849
1279843
5088935
9637009
7805881
7486043
5252612
7070529
2937949
6178831
5115168
9017027
2369177
8883704
9762497
2943801
9895855
5762284
3872235
7613184
1465608
4866755
2287208
9532098
8609304
2749165
8110281
8422049
8736761
7065504
7018890
7131489
4375882
3479872
9604914
2925064
8046543
1810371
3789406
6829026
3849898
6676197
6538533
8715981
5200770
3576259
9516036
9420963
7476421
3555262
1319838
8074803
6405979
7675839
8019077
9000534
6872181
7375466
3975564
4871503
3533561
3272662
4613658
6912579
9354801
7274782
7160304
3450105
7877758
3950893
3215476
7837222
5288855
7410142
3053251
7287190
1115871
8341127
4331725
6650878
2912255
9245213
9350921
2023174
8620315
4325509
4685927
2881840
4377881
3295005
3410501
6089811
5812325
7521683
6851121
9085554
8141122
2150107
4637383
9052233
2223181
2645091
2373453
9940687
7482179
7370496
6265559
1123653
6111641
1491355
8275285
7235437
9655344
6477895
9449820
7215171
6003254
4087811
4634860
9952795
5859083
3983508
8076631
4989938
3398103
3298855
1715795
3591703
3459751
9407239
6657712
6837142
8934375
6760066
7077179
6222902
9779315
1847065
7207049
2971659
6434030
3707429
4627640
5702990
5062064
5672710
1594216
2659014
7898162
6096429
2124240
1178229
4806834
2540891
2805869
2136806
6628605
2730863
1472096
5017133
7563120
1417027
3573352
2345477
1021938
3948579
9538616
1687782
7243420
6691655
1290169
9981622
2777216
8549570
8178548
9510722
5053095
6940624
1628536
2445799
4405265
4256830
5466374
3125806
6373448
6576164
5504457
2292507
5969555
6307936
3600880
2336503
8811650
3061723
2677737
4499411
5320129
6666365
4193020
1547351
5562397
8742202
7026964
4462390
8753843
8073574
2579405
8481346
7601893
5798139
5255366
2828368
8578038
8254557
9644794
6219626
3043758
1537747
9914242
3651151
1418628
8811410
4307562
7796865
6049456
6299065
5110515
2483352
3859603
2932997
2090708
9268740
2823135
4183595
9675423
4083732
5838908
7612352
3617847
8929419
7333863
2788858
9048240
9419298
2670773
6531003
8529782
4989677
4401486
6264332
9644873
9284753
4413335
3600084
8477655
7384732
1118056
3117649
6481462
8430746
4212130
4817545
5773169
9396797
2880377
2141864
8734719
8836406
2682830
8297466
2945303
7604575
1088989
9739460
4245411
1451575
8928132
9958013
7394576
4223932
7440355
2146885
2015814
2631621
3303656
7845510
7752797
2881950
4162614
9254577
7230695
3315466
5717769
3924634
8952511
8049894
5362661
8456295
2802539
3746014
1481940
8116189
9347311
7429484
5845743
2626050
9904368
6425835
5811856
9298820
6612759
2077816
2568398
1725649
2660680
1148609
4108349
3392965
6626183
4896383
1081614
9721003
5306557
7393343
3442521
9490066
1158324
4035140
5702152
4710879
6402232
8383264
7876973
8442845
4209979
2890531
1683476
1210968
6918363
7873245
3133539
4442544
1775181
3664986
6345810
3783976
3822139
6299385
4336684
2871673
3102480
6861266
4761618
7985855
7214351
8413731
4539844
5505929
7256618
5550185
9398585
9917824
7283093
6688376
5402006
8588156
8148519
8348037
9237369
1023723
9273457
7672125
6120226
2886688
6876148
7375104
8633358
9177113
5521421
9279165
7044304
2530042
2062979
1391926
2550495
1909463
1619837
4928243
5467429
2138656
2370116
4157282
8366729
3167281
1002548
3526769
6411503
4233709
7222704
4988780
4415237
7757668
8999948
9736465
6170995
4051950
9037741
8030337
1202256
8082278
5684180
2480193
2959363
2003121
1328139
6922384
7184090
7729530
8651180
2012029
4292024
1300430
3843798
7914575
5913016
5893929
8708942
3280337
4015930
1729991
7906448
8898571
9083600
8700530
4448788
8916212
5754730
7842468
8961793
4242403
2708702
9268134
2167109
1496645
5501961
7863381
3655230
6791849
8331653
9755615
2767922
8412670
5933923
1328054
2889724
8358828
2038551
9725704
5206785
6058543
5865329
8044186
2316242
8913302
9061073
4377759
6004929
3173023
2079823
1574030
4084257
5873829
8382340
1071566
9920076
6336869
9759253
8850092
7756705
7932666
3386494
3082614
1441342
8762040
8569444
8590627
7459027
5958434
5499844
7754240
4690957
8188339
7263070
9945725
2829486
7734643
3256112
9876434
9142830
2363361
7364705
2839327
8517946
2306472
6535204
6539451
1653690
5148155
3677493
5353888
8932245
5310566
6627601
1675781
9719008
9710067
4239203
8150193
1383058
1112607
1734554
3051937
3301713
5028369
6684244
7861233
9812918
8182586
9922456
2819040
1396888
8241068
1658103
7612053
9402288
8467419
7451061
1594673
4371472
6059617
3882084
4622156
8220685
9158548
2837538
3363777
8585726
3007504
3392035
7251172
7158237
2765697
1141858
8275466
5509873
2348578
8643008
8437824
5660360
3375902
6831856
1378687
8773669
9824726
3501858
8629718
8497068
6115810
2096612
4567740
9661310
4391718
5031401
3442967
3279581
9100159
5491878
7406750
5979970
5977041
8955004
8109344
8038311
3081918
2621263
4274913
3306605
9540353
5152621
5370165
1817094
8400881
5583871
6426734
4013043
9005311
4858093
2439546
9435588
4338875
3445446
3094776
4189275
6482325
6918261
5291728
9371085
6892514
9199417
8032081
4898156
1470519
2778077
2101352
5102604
7978096
9011422
5200599
3981042
2169568
5185815
4313948
9515367
4395732
9041938
7158636
9442047
9543398
7275530
4579671
7285215
4157009
5035969
7782350
3893733
4208156
6028244
9500075
6211166
3720331
5979428
9696941
7246537
1620012
5441969
9072394
3412180
3275872
2996205
9836074
4361559
7057363
9650616
9787721
9403811
6526100
9214044
5971072
2299636
2462947
5397151
5370645
6186277
7733458
9836981
8054826
3681998
2889085
8479336
1426881
9386496
2176436
3063186
3242617
4307548
5850922
6196432
2829881
6794332
4863075
7195493
1564901
1334260
3648304
8756044
2172194
8324147
6166652
7200124
4640913
2900484
6562185
5874403
6565889
4729947
7148114
2986021
3961578
2293387
5949384
9433351
4059082
2001075
5662197
4759044
9836991
2401049
2599684
2955352
6343718
3338384
2663498
6534341
2020313
9869985
9902575
3645244
5732256
8966443
6732825
5884027
6469237
3805517
4923996
7651734
9696478
8252672
1162845
2024756
3404826
8993043
3776782
6845691
2025953
7647907
6691385
8023035
5284709
1781237
7188279
5157795
2081018
1096533
6372701
3541295
1451493
4225941
1440971
7374021
7678668
2173111
4624867
4312022
8766795
3846788
9064497
5122169
6507174
1769952
1620140
4936772
1754673
1830663
1949539
9913912
1603665
4343375
5729866
1764346
5901503
2212428
7496177
5674655
7311665
9811148
7938353
4335141
5135886
2512833
2929597
9204240
7253539
6819238
3990852
7053966
2369239
4315843
4258624
4071172
9798107
5161602
2117149
8839261
6403297
4164094
8900179
9526231
8211108
7668083
5720341
8272941
3892739
2950082
4505883
8827580
8060905
5645215
9581274
1192212
3648271
7507412
4252335
1272404
5965141
3002300
7748183
1103257
9502890
1475829
1977951
9294265
3963028
5393932
8098477
6357752
7343146
9320419
5381202
4010421
6175450
3588692
9751823
1700689
3900786
6946315
9704878
2610841
9832403
5808356
5658281
6527246
1103195
2019415
5954586
1772676
8851910
4088291
6907733
2026891
8863056
5687624
6096567
2964009
4296529
2938294
8618092
4335311
4805339
9132520
7469742
9348266
4427177
8762452
8185670
9122781
7168963
1433958
9913592
8066021
1626701
5290060
3186329
6877252
2016837
5367893
3884308
6396707
9306252
9166460
8035987
3603707
7663521
8285905
2706789
5299507
5627494
3336740
3355217
1833198
9561091
6934114
1613378
5885722
2412853
7879860
2575077
5688573
9425421
9770917
4712908
8781729
7538328
9185055
6558121
3582579
1487219
6710924
7639107
3916843
9438779
3341439
6733364
6925485
4155963
6231041
7377426
1991309
1027790
9854366
1698128
2912310
6650844
9912645
2925867
6215856
4814286
7583037
9114066
8158425
1726072
9016924
7003027
1318131
5288290
2552956
3414112
4329561
9149706
5053743
6027737
6504438
5832437
6450450
1898308
5210657
6784575
1012298
2330193
2146543
3344494
5278625
3289042
6711275
5793830
8474147
8805129
2275673
1770745
8280962
9320963
6431978
5068360
8228584
5862972
8481516
7576387
5862640
5564628
3893999
9123518
8452145
7707760
3264841
2101231
8259990
8638979
9342468
8611405
3840115
3036363
2095625
4855563
8105899
4604658
8053110
3174436
9728773
8917639
3699045
7465143
9305518
6007314
6718509
1058613
3769861
4627580
4398600
5923774
6249820
2054211
6814127
4636104
6643843
6424144
7227134
1081210
9344558
5985369
9610666
5178109
6941587
8797174
6815849
3585392
7753990
4187679
7495628
5041934
7074486
1961183
2150091
2185276
1394647
5866585
3699719
7742219
4451401
2437279
1920054
1020970
3311793
7404473
6411010
7899945
9509969
6940236
7442483
5467965
3657350
7648307
3402155
5386388
1697467
5960958
8086608
2134736
1987961
1737134
4848066
3944883
3456107
6410247
4886878
1815467
9309378
4466261
1834781
2616966
5461065
3754318
5920730
1394986
1981602
7957555
2784309
7064224
2477975
3880583
4575813
6598516
6272024
5111406
8203705
2460507
1416509
2444668
1155676
7916990
3857259
5712676
2742734
2146940
7293486
6324239
1552775
4744134
1331061
3492423
8972176
7700682
4758575
7907212
8584230
2906172
8387644
6705316
2449362
5182581
3377596
2894733
6559821
4658140
2646546
4650141
5175428
1771552
5745865
9176225
7274286
4330477
7629816
1809298
1059783
5369962
6735973
6205553
2762437
4178289
4251123
7107902
2715049
1214456
8360333
2741533
8908385
4300519
8108641
5393778
3785025
1578263
9921743
2130016
8740929
4315913
1180141
5262174
8658187
9559704
7804203
5107279
8842268
2391370
2096450
4138886
7301561
9072663
1554827
5002066
9862179
8214436
9677474
5658713
2380402
4351661
5143470
1588885
1768408
9260104
5567828
4578564
9026989
3563106
3046680
9622082
7933989
7963976
4717756
3460291
2158237
1545788
3148763
5885483
5796927
1893141
3387574
4540160
7829706
6521936
5665252
3211541
4309072
7300651
4329150
3460440
8343155
2572804
3796682
8307603
9479650
8325644
2138871
1397421
2781537
7415220
2533234
7828009
3080518
4542817
8667478
5158517
5244437
3051484
1056830
1173140
1473117
3834860
6827966
4413040
7588781
3452309
3216658
4805161
7462166
6592696
1626192
4559279
5966869
1787458
5256205
6224454
7190414
1351431
5915460
5960086
8357565
8672713
5878394
8565747
7475866
3413300
4303146
8904448
1577516
5278542
5472028
1280259
2489692
9681286
8174862
1469728
3297436
5692158
1465777
3785951
3663442
9305773
4533393
5246053
2144082
9559912
4024568
4501255
2391514
6920757
1089707
3194413
2146878
7611009
6452227
2103186
1847620
8584070
2000628
2775951
8051959
6845911
1912344
6876816
4483341
4620650
7936237
7397267
7859584
2387454
9629522
2203131
2448341
1236046
1862415
2687585
3316878
8286047
8227943
6943548
3084698
3068719
4276679
2363230
1950353
5219246
4999389
8224743
3975929
6844397
4007816
9440082
4021428
7273881
8626659
2033657
5061995
3369919
5748486
8726925
8889516
4169619
4398516
9230696
2322577
3324226
2799837
2109044
1497724
6320290
6775451
6681908
2643391
9434634
2413491
7325275
8427769
9136812
7788497
5094182
2802508
2157749
4903140
1239475
4928183
2743412
1655886
9030013
2200009
6294197
1609796
6223922
7358593
5565095
3066085
5459612
5615725
9649280
1681430
6857395
8802385
3037032
1323731
3870140
3652254
2118798
1961914
4980134
2287316
3088550
9272635
8266349
2085836
6407000
1388682
6900240
3632597
2044584
8803661
5023760
9339830
3831742
1043119
9006148
7971225
6316720
1979578
2296602
5656281
9035819
8111311
3468783
9520346
1193333
5512256
4581658
4239800
2043176
9458926
1601623
3750946
6533488
4780276
6233149
3250305
4591425
5259632
4164040
2038578
9795008
9858395
3874624
8473242
6489996
7515864
8130622
5927399
7146950
4067762
2528893
8929646
9993191
7632983
4540283
9165721
4326551
3261206
2704420
2408124
9514829
5104160
5900040
2427377
9396876
3918950
4053578
8882921
2641207
8463700
2032546
8217670
1918683
8180095
3127549
2312084
5600153
5962393
2024233
4615270
4251664
8970318
6822709
9657842
1042741
4249570
6401710
9150671
7883700
9077829
2486150
9160983
1980601
3607054
9458064
4879727
6593267
4974371
6138727
1535619
2765525
6989027
4127586
8053591
1011553
5862178
9396803
4851188
3510673
8327738
7160361
9227678
1508407
7663025
4625677
4094110
6057393
4804678
2466746
3575262
1335251
7704604
5225365
1785111
4434295
8456139
8023580
9928564
4241555
4578141
9918162
5935251
8706380
3588646
6233307
1990592
9572179
9465058
8216481
4425729
5508023
6433409
2020881
6229435
2757469
8744441
4503739
3600070
1461607
3831375
9712743
1539777
2768182
5010060
3185035
9297988
2897669
2845604
4987885
3057926
8926506
6617496
6098954
8462238
8337103
6318196
5073895
2693301
1786362
9260607
8170682
4110232
7320242
2636796
6189581
5999994
5717416
9557293
2851430
1581148
8227374
3076997
8105944
5694948
6106280
7770070
1265634
6277089
8945973
9469642
4619199
9817678
6437584
6637995
7716050
5948547
1329320
6942970
7894562
3364181
3745627
8015860
4454836
3486383
8607108
1590208
6167804
7706531
1403149
4575604
5707545
7994334
4623319
4731260
5388655
8583563
9389676
6759790
7995502
8621289
8226719
8974529
2299741
2641880
2598688
1575378
7352199
5747644
3690006
3469035
9554620
5179329
9328446
8458737
7597315
1378107
9582353
3843331
2496401
1422519
7220776
4966283
4177584
2386369
1593642
4677929
6561751
2844093
5127958
3555480
5824200
6349337
7244064
8362268
4283326
4248169
8650244
5097287
7813071
6353482
3996529
4229827
8639014
2314232
3445553
8733462
1125930
2818943
3934041
2168891
9255978
1361325
3787374
2764862
8533556
8104610
6780050
9673355
5724968
9164012
5907484
3147997
7757402
3038659
2255753
1279375
8815309
4909287
4132634
7342018
5249756
3210728
4891776
2934311
5922054
1539323
4552613
6503249
3948354
1229293
4490682
6051108
2332553
8024457
8271643
3613830
2113912
3079370
9273482
3038196
2170594
8669568
5170778
3329233
9788420
5208580
6769763
4064050
5714207
1404554
6847725
4446425
6154982
5489008
7528149
2790323
6904914
1077731
4731531
1348207
4983700
3731676
4243122
4083215
6333328
1826365
2241020
5148105
2080475
1182153
3947545
4579688
2061644
8176750
5517268
8750752
8447116
6346445
9237204
6609725
1527455
9203654
4088155
1853300
9856056
4913597
2152455
8974540
9749467
6695184
5181898
7691796
5044340
8456547
2561339
6234527
2121594
9174218
1819912
7660552
1590451
3932643
5266995
2987041
5097030
4305666
1450388
2625505
6735168
9158268
4082258
5291992
1614644
9341286
7633907
7837506
8985044
1163644
3973881
3361357
5506577
7017269
9290544
6004051
1736896
5659261
5085757
3695828
6388381
2378685
3902496
1477558
2911556
9403784
9260913
6360818
5571696
3232327
8436350
1923075
3827656
8669440
5171820
8750317
7633097
9410494
9617375
2785189
1549541
6492868
2204606
2394898
7661506
3963355
1878088
4587072
7209536
1194382
7162784
3854882
1464473
1424537
9620401
5272785
7247897
7451618
5409955
3944019
3582741
2742994
8055741
2017733
9896448
8292392
9270229
9525732
8847537
2637788
8661592
7320114
4308630
4832693
8414489
2283920
2300003
7434330
6284867
7326690
8914848
9073437
7285491
8699084
2799056
4780422
5121616
5850446
3321604
8848038
4507693
5118474
3198680
5164762
3385557
8191212
3487956
7633544
6056751
8990973
5269443
9360771
6556082
4769360
3816823
3946589
1250110
1719118
5505564
1541154
6377315
4782125
3739310
8773735
6975411
3432714
1154834
6281315
7709632
1300353
3867994
7417008
9033154
6539654
8923167
2658272
5600397
5924959
1519607
3311543
8449395
2923754
1739764
3949356
3727434
7591265
7568714
4289645
4519231
7648251
7491004
1258084
4944493
5512460
2851758
6091350
2699603
2113740
4668440
4518840
6861736
3032783
5690276
3563209
3855341
9915346
2229154
7605219
6667904
8806695
6491036
4570423
8512670
3507194
9827923
8076288
2312127
1804055
4204354
2531750
1171075
4545249
3374240
3714082
9689107
2601205
6165241
4986058
4177597
7339157
3581365
1668487
9339297
1849056
8570406
5656912
9701812
3253826
9331616
7699058
9666913
9071283
7577924
9156717
1901634
8319556
1467962
7449162
6940936
7397320
9985204
1231753
9895829
8996894
9963413
7970080
9672811
5007979
7470979
6884633
5364218
2844924
6002215
6506227
9115826
4294585
4391233
2170480
1465577
9676048
3851753
2458299
2760163
7294393
2199829
2747576
3237551
5702647
7069487
6324900
4866555
7782896
3550516
9337319
3080476
7113981
6871299
1492531
6583649
6050100
1892503
1851973
9942684
9703185
2333728
7315191
5152738
8999082
5647151
7799775
6083354
3189135
1697670
7973629
9190064
6099662
9559152
7382511
3613868
4789578
3957402
8977641
1454918
2334328
7208170
2410904
9659378
8188326
2329846
7457363
3454356
4101853
2465796
3634578
9464369
1591673
2657526
5061940
8825092
9798710
8414356
3871996
6723839
1669279
2470818
1550145
7617229
2809880
6273085
8968214
9892833
6107261
2986351
8022628
6448203
6928341
1107733
9886227
1404397
4547311
3024572
8803915
5887273
4336457
5709033
7165837
9842875
2294249
6404641
3258214
3654252
6856670
7032972
8175814
6450412
9633174
4378730
9640587
6960003
9747932
4849826
4893186
9232695
6480076
4966027
1119432
3121416
9361168
4500607
6160977
5514040
9191831
6642089
3247722
5021775
1757191
1799088
7830478
6839971
9419290
5799208
3816814
9957738
8922666
9421994
9486643
2893211
4116062
5115736
8649517
2211333
7258873
9692232
4014586
4939087
2695646
8909614
4187647
5092641
8577575
7357622
7674277
1379803
1988375
1324971
6732689
2208001
7961869
3149467
3345973
4100470
7372648
2426255
3861159
4932447
8012007
8078308
6555874
7470677
6907332
6812628
1117352
9055253
9225747
2829903
1637960
8514539
7129829
1373321
2817604
1404402
8316189
7112307
9275338
2337166
7717264
5393335
4707037
4740487
8340130
6717667
8210467
1203628
1951562
4047324
3631394
6963182
7704753
9257472
3343327
2405132
2867785
2920537
2197293
8414027
6462537
3612049
6674539
5831656
5223811
6520426
6288230
7476546
1859411
1713751
1762810
1417741
9003353
3086317
3305850
5978827
8817589
5034100
7081897
5535785
3311251
8482490
6724012
7097802
9847681
3286096
5588193
3507782
9050311
8896529
3739001
9584961
3252180
1412506
7082792
9815752
2488955
6911761
7875802
9372057
7479980
9047308
9819914
2458642
7188816
4443356
4039399
4675250
6715584
6149549
3810180
5943319
3698973
2902794
9584907
7604841
2114508
7663715
9027063
5618961
4203333
5713941
3887176
5151441
6349660
8074271
5874564
2769652
8447643
8479931
4215413
4990017
6729451
7936521
5995928
7724902
1587377
5427493
8615026
8030532
9045892
5781279
9915170
2403142
3962226
1027134
3965847
8148794
8084870
5359082
2082248
1395126
1694288
8039940
5846540
8416361
4338101
1654884
1435285
8310802
4596182
4545255
4312566
1664790
4619736
5511795
2772908
1798842
8243586
9155726
2153162
1822919
6680767
2866007
8971615
1959424
5312531
3148277
3991353
5266486
3830658
7372391
2280699
1834676
7741127
1038031
7602002
2083959
8276150
3519694
2794487
9946122
6493596
3355760
5899950
8773403
6007094
2417108
2910649
7143850
8660801
9638589
7763520
3641528
4922665
9110217
1873266
6743066
3437004
3179728
1329546
1334950
3176515
1255402
4542322
3049041
8913545
8551654
6849159
1762491
6947476
3810041
1072175
9567762
3972693
9313470
2724210
4832401
7024774
1296108
8548302
5198633
3310619
9701459
7487569
9750678
1609531
5104313
9340879
6118594
2919480
4176861
1282716
3805242
3236839
8867717
8951962
6626621
5619450
3182143
4045821
9618140
9563951
2751623
1389932
6071108
5895799
9875678
3518535
4115488
4195704
5686181
2519224
1458538
7547532
5212028
4278563
6534927
5455337
2579683
5939831
5388425
9652903
9678493
4755406
9738692
1714719
7570648
9902950
4685992
9942090
9029410
8833112
7927815
3830295
1596694
6479578
3507205
1368376
7619750
5975258
2483192
5046641
5320256
3501548
1042552
1340994
1360903
8156730
6584257
8026219
7461000
3309293
8587902
2076736
5399763
2365702
6286040
5458731
5056562
1783123
7795130
4451313
5287162
9070479
2945551
1681582
4549071
9315804
8843620
1613544
1714384
7250320
1635642
7887998
7557070
8808366
3954052
3659051
9436976
9742845
4084953
5196405
4369682
8602291
7783197
5208019
6377505
7610469
6168060
5962049
6939853
8318128
2970252
4799367
6304000
3859085
4141236
2861751
3825621
7349977
6432185
4447645
3317445
9861845
5678459
3875694
9279929
5539533
1727584
9342614
3350711
4170711
9280838
6015501
8017493
1424233
1467042
3595484
5462467
5137263
9322891
4068173
4682937
6268204
6984453
1055485
9993229
2605480
8989077
1533984
5753129
6063012
8312852
8529821
7028868
6236125
3808277
2785500
3880442
2335643
9353318
4680295
6985862
7057734
8079780
3018195
7003826
7042531
4538510
8685414
3112653
8742991
7071697
1327808
5591600
1752114
4581767
6072771
3128277
6116428
2993965
9366280
5687684
9992053
4601452
7668718
5144578
3383590
6035526
4073818
5726400
2225472
2234773
7848797
6105226
4833689
3834047
9392219
2665724
9033027
7864635
2879507
6517543
2042469
3693070
5937191
6578352
2417917
1876218
8220471
1542122
9108066
7801740
7144144
6310245
5408141
1252081
1667577
8227022
6776101
1889121
9272085
1091025
9804972
2794199
3188783
8652872
8891097
5807469
9237952
3695515
6506146
5330106
3705417
4255224
9206243
7661092
7270032
3420282
7875275
7674022
7195336
1779453
1256750
7926982
6914193
1782470
2367945
8974964
5785140
4482757
6630356
2218408
6750672
5726387
9382340
8908977
4665172
1885680
8249454
8079180
6909931
6974292
9837676
7007457
3823461
9347176
2736588
6542949
9536041
1667320
9781174
4027933
4142393
3857735
3214640
9751338
9284517
7671077
8095719
7117410
8367700
2582986
8130365
5097935
8241561
2815327
3493359
8539966
4808536
2051621
7978819
9305545
4731587
3226375
8714524
9013339
6418370
2466316
1941376
1924308
3669192
6126878
7214519
4553374
2304695
5368541
7910301
8842588
1760967
2483482
2871732
2665282
4555346
9600710
7985665
5180931
1796041
9265010
7080468
7138129
1505800
7858403
8950943
6464249
5223807
2323754
4116436
5062278
5736176
9129507
6335829
9934364
6024141
5942834
2708636
1705220
4098798
7299856
9859536
8922373
9767192
9586559
1459031
1643841
4493937
7800158
5742065
3117942
3278341
7389607
5175853
3907665
7629281
9131880
3768549
5567384
4892649
8733126
8930203
7444260
1088180
5683574
8663182
2916293
2560773
4491630
7886528
6231145
2455641
8404474
5559346
8269564
9122301
6762708
7177343
4387861
1866218
6698303
2091977
3390556
2843645
2730653
3882282
6543122
5148180
9179580
1109136
5564657
6240953
2984920
3187126
1937626
8212455
4713154
1784985
8792993
8937798
9869994
8244419
8400549
9719576
1981919
5547756
2168271
2041515
4507064
9414613
8146891
7179918
3532705
6617553
6260846
4940509
7148524
7170530
7686447
9999913
9596864
5546731
3566769
2543458
2475125
6530629
1874415
3456988
8342862
4078675
1957323
8141268
6575579
9159177
7687355
6291860
5463335
2613161
7865719
9364236
1616259
9817941
5787987
6691108
8826501
3063986
7962944
1469841
4731502
5084172
1862967
6228712
6044799
5610522
3365605
4813860
7455946
2663275
4255743
1730088
2802811
8860904
8489089
9815227
2315008
8944448
1074545
4360775
6321075
8777206
7161851
3310014
9275958
1394513
4557536
4495324
1303209
9252081
7173746
2312459
8796599
5899961
6414299
6612815
6281145
2249101
3373224
3879851
7741539
7037956
8687688
8760935
4461898
6924204
3781850
1734573
6528931
1451649
9618391
7507722
6015461
8283738
7768772
1750564
3326244
2183822
8809825
5598270
7911440
3209042
2924001
1471306
4712957
2241152
4860970
3815965
4941346
8034271
1115215
7795430
9975132
9207765
2498223
5444371
3166765
4456819
3909793
4023997
8225324
1261276
8473430
3979999
1914782
9974622
1724764
6610889
4032294
7324396
9013318
9963369
8738042
8241531
2618794
7615265
3154964
5603050
5479027
7885883
1006534
8073132
8658922
4951849
3675219
9064440
9789584
6433800
1214039
6658104
6347026
9262031
8418151
3573686
8313212
1827504
7421546
4280881
7964808
5604853
8092469
9928931
7043783
1412123
3423138
5798279
2311851
8842606
8561369
5585464
5687001
9282530
9283314
5268667
1124739
6337732
5359436
8746003
7692703
1708890
8027970
2381749
8289355
6612752
8265821
2496940
8722404
8494283
7585561
6153809
7522846
6676823
8048085
7127788
2120452
3976210
7384182
9732000
7750441
4184439
8704502
6761640
3350438
5456968
4398351
5873143
2399696
3421132
5821862
7561249
9627399
4654254
3879160
4308591
6743842
5894032
3262303
9805116
8242408
3615575
9123679
9974836
5928365
5255419
3951355
7634325
9838618
2405771
5972882
4997935
6682127
5814117
9146957
2688074
7780635
9704480
1570189
9126286
9444734
4782750
9371762
9914603
8119266
6151889
9764338
2582576
5585587
3026720
4261955
6092115
6437844
8542001
3356389
5755373
8586392
3518645
6019749
7049116
1959917
4359722
1102944
8757800
1285192
4178839
2998281
7902525
8786547
1481224
6744534
8718825
4466992
8935971
1934405
2233121
8698496
6942465
7116389
6822813
7882969
5095547
9423953
6811522
6007524
4434989
5472376
7262103
1221087
7794177
4032963
5440662
3162882
6708216
5504026
9470064
1078651
3973091
2118716
1346728
7214990
5062412
4270856
2651159
8307126
6850561
2761615
4193906
1872151
7034138
9622143
7912891
9123471
1009428
3135948
9718252
8080426
4325299
8966450
8340052
1566631
2789443
5895877
3443257
6550650
5127901
6161878
3593750
9178702
4369401
2561115
1394240
4116774
5912135
8129875
1244565
5234822
9127852
6117457
2565298
5601436
3017185
4192920
8171223
4127549
2659721
9368531
7835797
1746827
5628241
5141715
6511083
6015324
6585312
2161714
1517869
3910995
2621445
4843766
3784929
8570135
5790037
1714457
1651809
4750903
6469543
7550984
5940014
4235470
6734156
3073820
8249355
4227791
1498031
5003197
7318710
6980327
8719928
8975662
7101462
2738154
2732393
6487810
1905063
4438676
2224831
5835875
4790073
7667104
3169636
3198001
3170477
7468816
2819676
3022218
9714255
9629710
4269881
3373190
8667265
6995424
4499008
6553410
6725241
2645822
5410576
8462371
6412659
9167909
2878645
9980326
8369028
2213923
1548171
7215944
4299263
2147202
1689912
3699054
3396723
6605122
2621820
8266968
6029293
4514260
1250437
7782198
2665921
8387468
7345523
1193278
3005780
4338282
2385759
6928742
2346411
6256259
4718272
8125217
8302823
5282888
6994525
7655919
4027719
2562437
4008698
2885782
4886520
4547390
4456436
8077962
5209199
9949224
7855885
8118270
3401272
1426952
6970265
9743381
1752462
8376213
4402786
8891586
8851094
7820622
7211748
6877058
6462122
1395506
8438995
8455839
1296764
1752841
1999125
6407462
2739116
1708451
9246949
7813564
8519737
4250907
7065903
7591080
3113371
5923974
2794201
9324422
3704506
7057653
4303770
9015268
6180226
7549570
6307558
5153234
1669980
9955635
1610184
6638322
2688502
2976621
2852324
7892038
6288292
1647483
8448334
4557625
5192613
6237029
9510924
2639512
6534461
1412832
5489409
5707803
3081351
7569825
4872921
9282378
3778550
8148605
8635428
1940836
3539648
3076413
4752864
8007092
6058406
6984025
8800079
5303975
8633482
5395514
4225255
3712846
7046594
2187642
3428349
7852959
8803533
1093595
6870922
2455298
3030375
4794238
9244396
1781025
1987378
7605876
8613688
2029856
4034878
9585346
5503819
1836001
2339019
1436148
3431938
6878682
7086364
5442278
2557672
5185456
1117021
3212450
7561028
2324378
5663716
7080859
8550000
5464986
1252213
8812766
6050565
7808597
1498095
6932507
9208665
7540765
2522236
8134614
2116899
6132234
4211612
7744322
6919949
2316163
2727309
7136383
6538652
9950826
6772042
4606025
8913455
2306281
6269680
5122443
2475488
4605921
5057959
4668156
2037487
8359405
1021333
7749408
1996411
6879188
7447439
1305499
7163338
5256270
2177647
6818798
6734361
9388554
7724435
1802550
4121784
6265880
7670576
3489097
9810973
4918552
9955220
1441007
3335567
2856850
8044688
9497173
8247083
6112385
3185686
8354512
4258775
5621778
9831289
6297673
7462106
3945733
6236508
4538445
6944802
8512968
4816392
9054804
4454952
4343718
1946271
5640124
8534404
8365413
6252340
8901927
4869373
6453491
1290600
4154259
4914642
2215175
8577736
3963694
8618288
2633414
8385111
6862112
6052120
8367040
6060124
3794147
9561631
8575240
2472441
9295347
4927473
6558127
6492484
6629898
3188855
2024469
7783111
7071950
3388548
1880550
5004800
1602802
7310716
9578997
8051238
3673515
7467580
1339671
5238562
6509709
4006070
7988483
1755857
3356816
2147432
9010748
8952944
4572752
3767618
4505035
3674763
8488323
7321112
4039335
9512095
2571431
8838087
9012728
7481275
1972872
1997142
4689092
7532668
4215025
4341379
9454885
3970059
5066380
2605402
4764572
6185386
9767926
7983401
9335792
3042940
9712586
4939445
5100609
4398283
3881739
8160205
8938552
6603442
2698470
4335658
7454139
9503107
1463866
2544577
4676806
2453798
2089163
9900980
1873953
1570691
2478242
2795400
1885413
3983103
8365842
8108032
1875223
9545856
9922748
8707140
7220971
4317207
1268163
9586421
1365779
5761957
7752124
6397245
3011869
2813304
1512333
1439690
2836109
4438245
4452726
4578528
1028728
8584843
1883416
5096853
7742632
6567159
9175404
2344822
6673814
2966850
9774827
2900468
2306818
3978807
4523888
4641124
6379651
7366622
8739608
7150084
8725769
4070375
7296595
9197251
5321023
9704789
6270369
5260283
7337876
1607866
7713101
5027515
9911091
7291116
8345252
7228070
1403723
7270650
4586444
6463622
9647905
6684989
6865059
5667247
7805446
5957283
6234674
7417452
1585555
2997005
9913476
2053002
2881816
5520765
7401763
9126447
5143832
3954360
4975897
1287185
7455761
1308194
1146458
6546761
2189184
3285445
3535864
1413505
3385404
3763697
4265500
8765807
3773234
1763328
6813755
7680682
1342618
4122197
2766642
2099310
4014962
3483665
1761051
7803705
2072355
1239140
5209234
1773984
5232312
6151070
2991245
8767515
8698974
6015923
3568872
8249671
4495842
7152576
6597322
2629914
3973813
7839572
7026638
8602147
8093440
4606096
8131053
9970543
4895954
5946391
2334352
7104536
7790547
9604084
9399110
9911328
3464184
9534253
1904885
9323084
3315060
3479232
5641958
5088818
3553037
3506824
3869581
4924369
6388712
2708139
7901336
8259972
8384071
1109335
6445162
1888809
4355184
5821216
7997450
4723540
2655616
4026514
6920125
1564147
5140230
1741483
9545158
6399721
3815501
2931792
7445264
3374938
7604858
8228022
9090806
5159160
6139698
8928931
1460341
3661045
5046587
6930406
1421282
3699701
9839982
2978753
6208488
6937868
3491277
7794016
3531595
2876764
1083675
7397410
4966263
5914670
1599583
1000336
2475552
1707704
5789155
8071871
2196701
9607650
6849689
6476462
7395851
9840584